8 16777216 138262.0 138262.0 138262.0 1.94149843052 1.94149843052 1.94149843052 0.485374607629 0.485374607629 0.485374607629
16 8388608 70200.0 70200.0 70200.0 3.82386689459 3.82386689459 3.82386689459 0.955966723647 0.955966723647 0.955966723647
24 4194304 35327.0 35327.0 35327.0 5.69894392391 5.69894392391 5.69894392391 1.42473598098 1.42473598098 1.42473598098
32 4194304 34349.0 34349.0 34349.0 7.81494238551 7.81494238551 7.81494238551 1.95373559638 1.95373559638 1.95373559638
40 2097152 17080.0 17080.0 17080.0 9.82272599532 9.82272599532 9.82272599532 2.45568149883 2.45568149883 2.45568149883
48 2097152 19069.0 19069.0 19069.0 10.5577949552 10.5577949552 10.5577949552 2.63944873879 2.63944873879 2.63944873879
56 2097152 19329.0 19329.0 19329.0 12.1517421491 12.1517421491 12.1517421491 3.03793553728 3.03793553728 3.03793553728
64 2097152 21967.0 21967.0 21967.0 12.2199415487 12.2199415487 12.2199415487 3.05498538717 3.05498538717 3.05498538717
72 1048576 12087.0 12087.0 12087.0 12.4923425168 12.4923425168 12.4923425168 3.12308562919 3.12308562919 3.12308562919
80 1048576 13333.0 13333.0 13333.0 12.5832265807 12.5832265807 12.5832265807 3.14580664517 3.14580664517 3.14580664517
88 1048576 14419.0 14419.0 14419.0 12.799041265 12.799041265 12.799041265 3.19976031625 3.19976031625 3.19976031625
96 1048576 15773.0 15773.0 15773.0 12.764001268 12.764001268 12.764001268 3.191000317 3.191000317 3.191000317
104 1048576 20125.0 20125.0 20125.0 10.8374562981 10.8374562981 10.8374562981 2.70936407453 2.70936407453 2.70936407453
112 1048576 18027.0 18027.0 18027.0 13.0294016753 13.0294016753 13.0294016753 3.25735041882 3.25735041882 3.25735041882
120 1048576 19127.0 19127.0 19127.0 13.1572248654 13.1572248654 13.1572248654 3.28930621634 3.28930621634 3.28930621634
128 1048576 9776.0 9776.0 9776.0 27.4586186579 27.4586186579 27.4586186579 6.86465466448 6.86465466448 6.86465466448
136 524288 4846.0 4846.0 4846.0 29.4276384647 29.4276384647 29.4276384647 7.35690961618 7.35690961618 7.35690961618
144 524288 4916.0 4916.0 4916.0 30.7150008137 30.7150008137 30.7150008137 7.67875020342 7.67875020342 7.67875020342
152 524288 5146.0 5146.0 5146.0 30.9723186941 30.9723186941 30.9723186941 7.74307967353 7.74307967353 7.74307967353
160 524288 5474.0 5474.0 5474.0 30.6489148703 30.6489148703 30.6489148703 7.66222871757 7.66222871757 7.66222871757
176 524288 6452.0 6452.0 6452.0 28.6034370738 28.6034370738 28.6034370738 7.15085926844 7.15085926844 7.15085926844
192 524288 7628.0 7628.0 7628.0 26.3931033036 26.3931033036 26.3931033036 6.5982758259 6.5982758259 6.5982758259
208 524288 8694.0 8694.0 8694.0 25.0867043938 25.0867043938 25.0867043938 6.27167609846 6.27167609846 6.27167609846
224 524288 9797.0 9797.0 9797.0 23.9747906502 23.9747906502 23.9747906502 5.99369766255 5.99369766255 5.99369766255
240 524288 13204.0 13204.0 13204.0 19.0592426537 19.0592426537 19.0592426537 4.76481066344 4.76481066344 4.76481066344
264 262144 3227.0 3227.0 3227.0 42.8918599318 42.8918599318 42.8918599318 10.722964983 10.722964983 10.722964983
288 262144 3986.0 3986.0 3986.0 37.8813206222 37.8813206222 37.8813206222 9.47033015554 9.47033015554 9.47033015554
312 262144 5541.0 5541.0 5541.0 29.5213600433 29.5213600433 29.5213600433 7.38034001083 7.38034001083 7.38034001083
336 262144 5630.0 5630.0 5630.0 31.2896568384 31.2896568384 31.2896568384 7.82241420959 7.82241420959 7.82241420959
368 262144 6675.0 6675.0 6675.0 28.9045668914 28.9045668914 28.9045668914 7.22614172285 7.22614172285 7.22614172285
400 262144 4988.0 4988.0 4988.0 42.0439454691 42.0439454691 42.0439454691 10.5109863673 10.5109863673 10.5109863673
440 262144 6155.0 6155.0 6155.0 37.4795645816 37.4795645816 37.4795645816 9.36989114541 9.36989114541 9.36989114541
480 262144 7384.0 7384.0 7384.0 34.08156013 34.08156013 34.08156013 8.5203900325 8.5203900325 8.5203900325
528 131072 3366.0 3366.0 3366.0 41.120627451 41.120627451 41.120627451 10.2801568627 10.2801568627 10.2801568627
576 131072 3772.0 3772.0 3772.0 40.0304729586 40.0304729586 40.0304729586 10.0076182397 10.0076182397 10.0076182397
632 131072 4572.0 4572.0 4572.0 36.2368783902 36.2368783902 36.2368783902 9.05921959755 9.05921959755 9.05921959755
688 131072 4152.0 4152.0 4152.0 43.4381194605 43.4381194605 43.4381194605 10.8595298651 10.8595298651 10.8595298651
752 131072 5160.0 5160.0 5160.0 38.2039317829 38.2039317829 38.2039317829 9.55098294574 9.55098294574 9.55098294574
824 131072 4948.0 4948.0 4948.0 43.6553468068 43.6553468068 43.6553468068 10.9138367017 10.9138367017 10.9138367017
904 131072 4885.0 4885.0 4885.0 48.5113973388 48.5113973388 48.5113973388 12.1278493347 12.1278493347 12.1278493347
992 131072 6185.0 6185.0 6185.0 42.0447611964 42.0447611964 42.0447611964 10.5111902991 10.5111902991 10.5111902991
1088 65536 3123.0 3123.0 3123.0 45.6632520013 45.6632520013 45.6632520013 11.4158130003 11.4158130003 11.4158130003
1192 65536 3344.0 3344.0 3344.0 46.7218373206 46.7218373206 46.7218373206 11.6804593301 11.6804593301 11.6804593301
1304 65536 3728.0 3728.0 3728.0 45.8470729614 45.8470729614 45.8470729614 11.4617682403 11.4617682403 11.4617682403
1432 65536 3777.0 3777.0 3777.0 49.6942292825 49.6942292825 49.6942292825 12.4235573206 12.4235573206 12.4235573206
1568 65536 4130.0 4130.0 4130.0 49.7629288136 49.7629288136 49.7629288136 12.4407322034 12.4407322034 12.4407322034
1720 65536 4584.0 4584.0 4584.0 49.1805933682 49.1805933682 49.1805933682 12.2951483421 12.2951483421 12.2951483421
1888 65536 5466.0 5466.0 5466.0 45.2733143066 45.2733143066 45.2733143066 11.3183285767 11.3183285767 11.3183285767
2072 32768 2606.0 2606.0 2606.0 52.1069040675 52.1069040675 52.1069040675 13.0267260169 13.0267260169 13.0267260169
2272 32768 3122.0 3122.0 3122.0 47.6930787956 47.6930787956 47.6930787956 11.9232696989 11.9232696989 11.9232696989
2496 32768 3436.0 3436.0 3436.0 47.6070593714 47.6070593714 47.6070593714 11.9017648428 11.9017648428 11.9017648428
2744 32768 3898.0 3898.0 3898.0 46.1341159569 46.1341159569 46.1341159569 11.5335289892 11.5335289892 11.5335289892
3016 32768 4058.0 4058.0 4058.0 48.7078797437 48.7078797437 48.7078797437 12.1769699359 12.1769699359 12.1769699359
3312 32768 4517.0 4517.0 4517.0 48.0529625858 48.0529625858 48.0529625858 12.0132406464 12.0132406464 12.0132406464
3640 32768 4757.0 4757.0 4757.0 50.1473701913 50.1473701913 50.1473701913 12.5368425478 12.5368425478 12.5368425478
4000 32768 5053.0 5053.0 5053.0 51.8788838314 51.8788838314 51.8788838314 12.9697209578 12.9697209578 12.9697209578
4400 16384 2945.0 2945.0 2945.0 48.9572835314 48.9572835314 48.9572835314 12.2393208829 12.2393208829 12.2393208829
4840 16384 3286.0 3286.0 3286.0 48.2644917833 48.2644917833 48.2644917833 12.0661229458 12.0661229458 12.0661229458
5320 16384 3566.0 3566.0 3566.0 48.8855187886 48.8855187886 48.8855187886 12.2213796971 12.2213796971 12.2213796971
5848 16384 3894.0 3894.0 3894.0 49.210904982 49.210904982 49.210904982 12.3027262455 12.3027262455 12.3027262455
6432 16384 4130.0 4130.0 4130.0 51.0323912833 51.0323912833 51.0323912833 12.7580978208 12.7580978208 12.7580978208
7072 16384 7588.0 7588.0 7588.0 30.5397069056 30.5397069056 30.5397069056 7.63492672641 7.63492672641 7.63492672641
7776 16384 5160.0 5160.0 5160.0 49.3806139535 49.3806139535 49.3806139535 12.3451534884 12.3451534884 12.3451534884
8552 8192 2822.0 2822.0 2822.0 49.6512997874 49.6512997874 49.6512997874 12.4128249468 12.4128249468 12.4128249468
9400 8192 3074.0 3074.0 3074.0 50.1007156799 50.1007156799 50.1007156799 12.52517892 12.52517892 12.52517892
10336 8192 3344.0 3344.0 3344.0 50.6414545455 50.6414545455 50.6414545455 12.6603636364 12.6603636364 12.6603636364
11368 8192 3765.0 3765.0 3765.0 49.4696711819 49.4696711819 49.4696711819 12.3674177955 12.3674177955 12.3674177955
12504 8192 4091.0 4091.0 4091.0 50.0771293082 50.0771293082 50.0771293082 12.5192823271 12.5192823271 12.5192823271
13752 8192 4382.0 4382.0 4382.0 51.4177927887 51.4177927887 51.4177927887 12.8544481972 12.8544481972 12.8544481972
15120 8192 4803.0 4803.0 4803.0 51.5773641474 51.5773641474 51.5773641474 12.8943410369 12.8943410369 12.8943410369
16632 4096 2683.0 2683.0 2683.0 50.7824614238 50.7824614238 50.7824614238 12.6956153559 12.6956153559 12.6956153559
18288 4096 2810.0 2810.0 2810.0 53.3150519573 53.3150519573 53.3150519573 13.3287629893 13.3287629893 13.3287629893
20112 4096 3144.0 3144.0 3144.0 52.4037862595 52.4037862595 52.4037862595 13.1009465649 13.1009465649 13.1009465649
22120 4096 3467.0 3467.0 3467.0 52.2662359389 52.2662359389 52.2662359389 13.0665589847 13.0665589847 13.0665589847
24328 4096 3859.0 3859.0 3859.0 51.6442021249 51.6442021249 51.6442021249 12.9110505312 12.9110505312 12.9110505312
26760 4096 4362.0 4362.0 4362.0 50.2562861073 50.2562861073 50.2562861073 12.5640715268 12.5640715268 12.5640715268
29432 4096 4577.0 4577.0 4577.0 52.6779427573 52.6779427573 52.6779427573 13.1694856893 13.1694856893 13.1694856893
32368 4096 5263.0 5263.0 5263.0 50.3816560897 50.3816560897 50.3816560897 12.5954140224 12.5954140224 12.5954140224
35600 2048 3489.0 3489.0 3489.0 41.7935224993 41.7935224993 41.7935224993 10.4483806248 10.4483806248 10.4483806248
39160 2048 3902.0 3902.0 3902.0 41.1069605331 41.1069605331 41.1069605331 10.2767401333 10.2767401333 10.2767401333
43072 2048 4331.0 4331.0 4331.0 40.7349138767 40.7349138767 40.7349138767 10.1837284692 10.1837284692 10.1837284692
47376 2048 4735.0 4735.0 4735.0 40.9824912355 40.9824912355 40.9824912355 10.2456228089 10.2456228089 10.2456228089
52112 2048 5153.0 5153.0 5153.0 41.4226182806 41.4226182806 41.4226182806 10.3556545702 10.3556545702 10.3556545702
57320 2048 5720.0 5720.0 5720.0 41.0459300699 41.0459300699 41.0459300699 10.2614825175 10.2614825175 10.2614825175
63048 2048 6214.0 6214.0 6214.0 41.5585143225 41.5585143225 41.5585143225 10.3896285806 10.3896285806 10.3896285806
69352 1024 3394.0 3394.0 3394.0 41.8482309959 41.8482309959 41.8482309959 10.462057749 10.462057749 10.462057749
76280 1024 3782.0 3782.0 3782.0 41.3065679535 41.3065679535 41.3065679535 10.3266419884 10.3266419884 10.3266419884
83904 1024 4257.0 4257.0 4257.0 40.3653727977 40.3653727977 40.3653727977 10.0913431994 10.0913431994 10.0913431994
92288 1024 4615.0 4615.0 4615.0 40.9546747562 40.9546747562 40.9546747562 10.2386686891 10.2386686891 10.2386686891
101512 1024 5018.0 5018.0 5018.0 41.4301666002 41.4301666002 41.4301666002 10.3575416501 10.3575416501 10.3575416501
111656 1024 5865.0 5865.0 5865.0 38.9891710145 38.9891710145 38.9891710145 9.74729275362 9.74729275362 9.74729275362
122816 1024 6067.0 6067.0 6067.0 41.4582442723 41.4582442723 41.4582442723 10.3645610681 10.3645610681 10.3645610681
135096 512 3392.0 3392.0 3392.0 40.7836981132 40.7836981132 40.7836981132 10.1959245283 10.1959245283 10.1959245283
148600 512 3724.0 3724.0 3724.0 40.861009667 40.861009667 40.861009667 10.2152524168 10.2152524168 10.2152524168
163456 512 4164.0 4164.0 4164.0 40.1966724304 40.1966724304 40.1966724304 10.0491681076 10.0491681076 10.0491681076
179800 512 4457.0 4457.0 4457.0 41.3092214494 41.3092214494 41.3092214494 10.3273053624 10.3273053624 10.3273053624
197776 512 5177.0 5177.0 5177.0 39.1196878501 39.1196878501 39.1196878501 9.77992196253 9.77992196253 9.77992196253
217552 512 5919.0 5919.0 5919.0 37.6369738131 37.6369738131 37.6369738131 9.40924345329 9.40924345329 9.40924345329
239304 512 6780.0 6780.0 6780.0 36.1426690265 36.1426690265 36.1426690265 9.03566725664 9.03566725664 9.03566725664
263232 256 3900.0 3900.0 3900.0 34.5576369231 34.5576369231 34.5576369231 8.63940923077 8.63940923077 8.63940923077
289552 256 4188.0 4188.0 4188.0 35.3989073543 35.3989073543 35.3989073543 8.84972683859 8.84972683859 8.84972683859
318504 256 4789.0 4789.0 4789.0 34.0517953644 34.0517953644 34.0517953644 8.51294884109 8.51294884109 8.51294884109
350352 256 5271.0 5271.0 5271.0 34.031535572 34.031535572 34.031535572 8.507883893 8.507883893 8.507883893
385384 256 6014.0 6014.0 6014.0 32.8095457266 32.8095457266 32.8095457266 8.20238643166 8.20238643166 8.20238643166
423920 256 6733.0 6733.0 6733.0 32.2363047676 32.2363047676 32.2363047676 8.05907619189 8.05907619189 8.05907619189
466312 256 7534.0 7534.0 7534.0 31.6899049642 31.6899049642 31.6899049642 7.92247624104 7.92247624104 7.92247624104
512936 256 8459.0 8459.0 8459.0 31.0466050361 31.0466050361 31.0466050361 7.76165125901 7.76165125901 7.76165125901
564224 128 4581.0 4581.0 4581.0 31.5305269592 31.5305269592 31.5305269592 7.88263173979 7.88263173979 7.88263173979
620640 128 5182.0 5182.0 5182.0 30.6607178695 30.6607178695 30.6607178695 7.66517946739 7.66517946739 7.66517946739
682704 128 5754.0 5754.0 5754.0 30.3740396246 30.3740396246 30.3740396246 7.59350990615 7.59350990615 7.59350990615
750968 128 6276.0 6276.0 6276.0 30.6322192479 30.6322192479 30.6322192479 7.65805481198 7.65805481198 7.65805481198
826064 128 13049.0 13049.0 13049.0 16.2060222239 16.2060222239 16.2060222239 4.05150555598 4.05150555598 4.05150555598
908664 128 7662.0 7662.0 7662.0 30.3599561472 30.3599561472 30.3599561472 7.58998903681 7.58998903681 7.58998903681
999528 128 8542.0 8542.0 8542.0 29.9554165301 29.9554165301 29.9554165301 7.48885413252 7.48885413252 7.48885413252
1099480 64 4822.0 4822.0 4822.0 29.1856988801 29.1856988801 29.1856988801 7.29642472003 7.29642472003 7.29642472003
1209424 64 5129.0 5129.0 5129.0 30.1825447456 30.1825447456 30.1825447456 7.54563618639 7.54563618639 7.54563618639
1330360 64 5709.0 5709.0 5709.0 29.8276545805 29.8276545805 29.8276545805 7.45691364512 7.45691364512 7.45691364512
1463392 64 6478.0 6478.0 6478.0 28.9154331584 28.9154331584 28.9154331584 7.2288582896 7.2288582896 7.2288582896
1609728 64 7063.0 7063.0 7063.0 29.1724740195 29.1724740195 29.1724740195 7.29311850488 7.29311850488 7.29311850488
1770696 64 7855.0 7855.0 7855.0 28.8541168682 28.8541168682 28.8541168682 7.21352921706 7.21352921706 7.21352921706
1947760 64 9163.0 9163.0 9163.0 27.208695842 27.208695842 27.208695842 6.80217396049 6.80217396049 6.80217396049
2142536 32 4998.0 4998.0 4998.0 27.435434974 27.435434974 27.435434974 6.8588587435 6.8588587435 6.8588587435
2356784 32 5937.0 5937.0 5937.0 25.4057901297 25.4057901297 25.4057901297 6.35144753242 6.35144753242 6.35144753242
2592456 32 6907.0 6907.0 6907.0 24.0215989576 24.0215989576 24.0215989576 6.00539973939 6.00539973939 6.00539973939
2851696 32 7929.0 7929.0 7929.0 23.0178514315 23.0178514315 23.0178514315 5.75446285786 5.75446285786 5.75446285786
3136864 32 9262.0 9262.0 9262.0 21.675587994 21.675587994 21.675587994 5.41889699849 5.41889699849 5.41889699849
3450544 32 10754.0 10754.0 10754.0 20.5351326018 20.5351326018 20.5351326018 5.13378315046 5.13378315046 5.13378315046
3795592 32 12525.0 12525.0 12525.0 19.3946417565 19.3946417565 19.3946417565 4.84866043912 4.84866043912 4.84866043912
4175144 32 14346.0 14346.0 14346.0 18.6260432176 18.6260432176 18.6260432176 4.65651080441 4.65651080441 4.65651080441
4592656 16 8247.0 8247.0 8247.0 17.8204185765 17.8204185765 17.8204185765 4.45510464411 4.45510464411 4.45510464411
5051920 16 9631.0 9631.0 9631.0 16.7855300592 16.7855300592 16.7855300592 4.1963825148 4.1963825148 4.1963825148
5557112 16 11207.0 11207.0 11207.0 15.8675456411 15.8675456411 15.8675456411 3.96688641028 3.96688641028 3.96688641028
6112816 16 12664.0 12664.0 12664.0 15.4461554011 15.4461554011 15.4461554011 3.86153885028 3.86153885028 3.86153885028
6724096 16 14032.0 14032.0 14032.0 15.3343124287 15.3343124287 15.3343124287 3.83357810718 3.83357810718 3.83357810718
7396504 16 17210.0 17210.0 17210.0 13.752941778 13.752941778 13.752941778 3.43823544451 3.43823544451 3.43823544451
8136152 16 17365.0 17365.0 17365.0 14.9931968903 14.9931968903 14.9931968903 3.74829922257 3.74829922257 3.74829922257
8949760 8 9787.0 9787.0 9787.0 14.631261878 14.631261878 14.631261878 3.6578154695 3.6578154695 3.6578154695
9844736 8 10753.0 10753.0 10753.0 14.6485423603 14.6485423603 14.6485423603 3.66213559007 3.66213559007 3.66213559007
10829208 8 11435.0 11435.0 11435.0 15.152367993 15.152367993 15.152367993 3.78809199825 3.78809199825 3.78809199825
11912128 8 13073.0 13073.0 13073.0 14.5792127285 14.5792127285 14.5792127285 3.64480318213 3.64480318213 3.64480318213
13103336 8 14435.0 14435.0 14435.0 14.5239609283 14.5239609283 14.5239609283 3.63099023207 3.63099023207 3.63099023207
14413664 8 15831.0 15831.0 15831.0 14.5675335734 14.5675335734 14.5675335734 3.64188339334 3.64188339334 3.64188339334
15855024 8 17305.0 17305.0 17305.0 14.6593691997 14.6593691997 14.6593691997 3.66484229991 3.66484229991 3.66484229991
17440520 4 9570.0 9570.0 9570.0 14.5793270637 14.5793270637 14.5793270637 3.64483176594 3.64483176594 3.64483176594
19184568 4 10474.0 10474.0 10474.0 14.6530975749 14.6530975749 14.6530975749 3.66327439374 3.66327439374 3.66327439374
21103024 4 11640.0 11640.0 11640.0 14.5037965636 14.5037965636 14.5037965636 3.62594914089 3.62594914089 3.62594914089
23213320 4 12725.0 12725.0 12725.0 14.5938357564 14.5938357564 14.5938357564 3.6484589391 3.6484589391 3.6484589391
25534648 4 14059.0 14059.0 14059.0 14.5299938829 14.5299938829 14.5299938829 3.63249847073 3.63249847073 3.63249847073
28088112 4 15614.0 15614.0 15614.0 14.3912447803 14.3912447803 14.3912447803 3.59781119508 3.59781119508 3.59781119508
30896920 4 17030.0 17030.0 17030.0 14.5141139166 14.5141139166 14.5141139166 3.62852847915 3.62852847915 3.62852847915
33986608 2 9416.0 9416.0 9416.0 14.4378113849 14.4378113849 14.4378113849 3.60945284622 3.60945284622 3.60945284622
37385264 2 10384.0 10384.0 10384.0 14.4011032357 14.4011032357 14.4011032357 3.60027580894 3.60027580894 3.60027580894
41123784 2 11424.0 11424.0 11424.0 14.3990840336 14.3990840336 14.3990840336 3.5997710084 3.5997710084 3.5997710084
45236160 2 12738.0 12738.0 12738.0 14.2051059821 14.2051059821 14.2051059821 3.55127649553 3.55127649553 3.55127649553
49759776 2 14183.0 14183.0 14183.0 14.0336391455 14.0336391455 14.0336391455 3.50840978636 3.50840978636 3.50840978636
54735752 2 15100.0 15100.0 15100.0 14.4995369536 14.4995369536 14.4995369536 3.62488423841 3.62488423841 3.62488423841
60209320 2 17230.0 17230.0 17230.0 13.9777875798 13.9777875798 13.9777875798 3.49444689495 3.49444689495 3.49444689495
66230248 2 18273.0 18273.0 18273.0 14.497947354 14.497947354 14.497947354 3.6244868385 3.6244868385 3.6244868385
72853272 1 10195.0 10195.0 10195.0 14.2919611574 14.2919611574 14.2919611574 3.57299028936 3.57299028936 3.57299028936
80138592 1 11174.0 11174.0 11174.0 14.3437608735 14.3437608735 14.3437608735 3.58594021836 3.58594021836 3.58594021836
88152448 1 12328.0 12328.0 12328.0 14.3011758598 14.3011758598 14.3011758598 3.57529396496 3.57529396496 3.57529396496
96967688 1 13773.0 13773.0 13773.0 14.0808375808 14.0808375808 14.0808375808 3.52020939519 3.52020939519 3.52020939519
106664456 1 15693.0 15693.0 15693.0 13.5938897598 13.5938897598 13.5938897598 3.39847243994 3.39847243994 3.39847243994
117330896 1 16426.0 16426.0 16426.0 14.2859973213 14.2859973213 14.2859973213 3.57149933033 3.57149933033 3.57149933033
129063984 1 18080.0 18080.0 18080.0 14.2769893805 14.2769893805 14.2769893805 3.56924734513 3.56924734513 3.56924734513

META_DATA
ERT_VERSION  1.1.0
TIMESTAMP_DATA  1588204248.51
UNAME  ('Linux', '5a2343cba07f', '4.19.76-linuxkit', '#1 SMP Thu Oct 17 19:31:58 UTC 2019', 'x86_64', 'x86_64')
FLOPS          4
HOSTNAME  ('5a2343cba07f', [], ['172.17.0.2'])
CONFIG  {'ERT_WORKING_SET_MIN': ['1'], 'ERT_CFLAGS': ['-Ofast', '-march=native'], 'ERT_CC': ['cc'], 'ERT_MPI_CFLAGS': [], 'ERT_MPI_LDFLAGS': [], 'ERT_MEMORY_MAX': ['134217728', '#', '128MB'], 'ERT_LDFLAGS': [], 'ERT_LDLIBS': [], 'ERT_RUN': ['./ERT_CODE'], 'ERT_FLOPS': ['1,4,16,64'], 'ERT_OPENMP_CFLAGS': ['-fopenmp'], 'ERT_MPI': ['False'], 'ERT_TRIALS_MIN': ['1'], 'ERT_DRIVER': ['driver1'], 'ERT_RESULTS': ['Sequential'], 'ERT_OPENMP': ['False'], 'ERT_KERNEL': ['kernel1'], 'ERT_GPU': [False], 'ERT_LD': ['cc'], 'ERT_NUM_EXPERIMENTS': ['1'], 'ERT_OPENMP_LDFLAGS': ['-fopenmp'], 'ERT_ALIGN': ['64'], 'ERT_GNUPLOT': ['gnuplot']}
