8 16777216 1658394.0 1658394.0 1658394.0 0.161864705251 0.161864705251 0.161864705251 0.647458821004 0.647458821004 0.647458821004
16 8388608 822095.0 822095.0 822095.0 0.326526077886 0.326526077886 0.326526077886 1.30610431155 1.30610431155 1.30610431155
24 4194304 548868.0 548868.0 548868.0 0.366803296968 0.366803296968 0.366803296968 1.46721318787 1.46721318787 1.46721318787
32 4194304 408832.0 408832.0 408832.0 0.656591108328 0.656591108328 0.656591108328 2.62636443331 2.62636443331 2.62636443331
40 2097152 209029.0 209029.0 209029.0 0.802626238465 0.802626238465 0.802626238465 3.21050495386 3.21050495386 3.21050495386
48 2097152 280335.0 280335.0 280335.0 0.718164310557 0.718164310557 0.718164310557 2.87265724223 2.87265724223 2.87265724223
56 2097152 371538.0 371538.0 371538.0 0.632185736049 0.632185736049 0.632185736049 2.52874294419 2.52874294419 2.52874294419
64 2097152 204221.0 204221.0 204221.0 1.31443610598 1.31443610598 1.31443610598 5.25774442393 5.25774442393 5.25774442393
72 1048576 141459.0 141459.0 141459.0 1.06741136301 1.06741136301 1.06741136301 4.26964545204 4.26964545204 4.26964545204
80 1048576 189197.0 189197.0 189197.0 0.886759092375 0.886759092375 0.886759092375 3.5470363695 3.5470363695 3.5470363695
88 1048576 232939.0 232939.0 232939.0 0.792264824697 0.792264824697 0.792264824697 3.16905929879 3.16905929879 3.16905929879
96 1048576 143418.0 143418.0 143418.0 1.40377492365 1.40377492365 1.40377492365 5.6150996946 5.6150996946 5.6150996946
104 1048576 189721.0 189721.0 189721.0 1.14960288002 1.14960288002 1.14960288002 4.59841152007 4.59841152007 4.59841152007
112 1048576 233575.0 233575.0 233575.0 1.00559145456 1.00559145456 1.00559145456 4.02236581826 4.02236581826 4.02236581826
120 1048576 278812.0 278812.0 278812.0 0.902609069911 0.902609069911 0.902609069911 3.61043627964 3.61043627964 3.61043627964
128 1048576 206621.0 206621.0 206621.0 1.299168313 1.299168313 1.299168313 5.19667325199 5.19667325199 5.19667325199
136 524288 119503.0 119503.0 119503.0 1.19332850221 1.19332850221 1.19332850221 4.77331400885 4.77331400885 4.77331400885
144 524288 146302.0 146302.0 146302.0 1.03207710079 1.03207710079 1.03207710079 4.12830840317 4.12830840317 4.12830840317
152 524288 163153.0 163153.0 163153.0 0.9768962385 0.9768962385 0.9768962385 3.907584954 3.907584954 3.907584954
160 524288 120199.0 120199.0 120199.0 1.3957866538 1.3957866538 1.3957866538 5.5831466152 5.5831466152 5.5831466152
176 524288 164078.0 164078.0 164078.0 1.12476612343 1.12476612343 1.12476612343 4.49906449372 4.49906449372 4.49906449372
192 524288 144445.0 144445.0 144445.0 1.39379412233 1.39379412233 1.39379412233 5.57517648932 5.57517648932 5.57517648932
208 524288 191123.0 191123.0 191123.0 1.14116986443 1.14116986443 1.14116986443 4.56467945773 4.56467945773 4.56467945773
224 524288 165400.0 165400.0 165400.0 1.42007874244 1.42007874244 1.42007874244 5.68031496977 5.68031496977 5.68031496977
240 524288 177699.0 177699.0 177699.0 1.41620515591 1.41620515591 1.41620515591 5.66482062364 5.66482062364 5.66482062364
264 262144 105545.0 105545.0 105545.0 1.31140302241 1.31140302241 1.31140302241 5.24561208963 5.24561208963 5.24561208963
288 262144 106079.0 106079.0 106079.0 1.4234197532 1.4234197532 1.4234197532 5.69367901281 5.69367901281 5.69367901281
312 262144 143443.0 143443.0 143443.0 1.14036834143 1.14036834143 1.14036834143 4.56147336573 4.56147336573 4.56147336573
336 262144 144080.0 144080.0 144080.0 1.22265941144 1.22265941144 1.22265941144 4.89063764575 4.89063764575 4.89063764575
368 262144 152036.0 152036.0 152036.0 1.26902828278 1.26902828278 1.26902828278 5.0761131311 5.0761131311 5.0761131311
400 262144 163958.0 163958.0 163958.0 1.27907878847 1.27907878847 1.27907878847 5.11631515388 5.11631515388 5.11631515388
440 262144 189133.0 189133.0 189133.0 1.21970634421 1.21970634421 1.21970634421 4.87882537685 4.87882537685 4.87882537685
480 262144 177011.0 177011.0 177011.0 1.42170961127 1.42170961127 1.42170961127 5.68683844507 5.68683844507 5.68683844507
528 131072 105536.0 105536.0 105536.0 1.31151485749 1.31151485749 1.31151485749 5.24605942996 5.24605942996 5.24605942996
576 131072 105770.0 105770.0 105770.0 1.42757817907 1.42757817907 1.42757817907 5.71031271627 5.71031271627 5.71031271627
632 131072 128908.0 128908.0 128908.0 1.28521897788 1.28521897788 1.28521897788 5.1408759115 5.1408759115 5.1408759115
688 131072 136750.0 136750.0 136750.0 1.3188670713 1.3188670713 1.3188670713 5.27546828519 5.27546828519 5.27546828519
752 131072 147696.0 147696.0 147696.0 1.33471649875 1.33471649875 1.33471649875 5.33886599502 5.33886599502 5.33886599502
824 131072 165722.0 165722.0 165722.0 1.30342776457 1.30342776457 1.30342776457 5.21371105828 5.21371105828 5.21371105828
904 131072 169774.0 169774.0 169774.0 1.39584492325 1.39584492325 1.39584492325 5.583379693 5.583379693 5.583379693
992 131072 187982.0 187982.0 187982.0 1.38336036429 1.38336036429 1.38336036429 5.53344145716 5.53344145716 5.53344145716
1088 65536 103119.0 103119.0 103119.0 1.38292978016 1.38292978016 1.38292978016 5.53171912063 5.53171912063 5.53171912063
1192 65536 112234.0 112234.0 112234.0 1.392072135 1.392072135 1.392072135 5.56828854001 5.56828854001 5.56828854001
1304 65536 127947.0 127947.0 127947.0 1.33584912503 1.33584912503 1.33584912503 5.34339650011 5.34339650011 5.34339650011
1432 65536 139610.0 139610.0 139610.0 1.34442449681 1.34442449681 1.34442449681 5.37769798725 5.37769798725 5.37769798725
1568 65536 145174.0 145174.0 145174.0 1.41568666566 1.41568666566 1.41568666566 5.66274666263 5.66274666263 5.66274666263
1720 65536 165962.0 165962.0 165962.0 1.35840638218 1.35840638218 1.35840638218 5.43362552874 5.43362552874 5.43362552874
1888 65536 176215.0 176215.0 176215.0 1.40432957467 1.40432957467 1.40432957467 5.61731829867 5.61731829867 5.61731829867
2072 32768 99085.0 99085.0 99085.0 1.37044549629 1.37044549629 1.37044549629 5.48178198516 5.48178198516 5.48178198516
2272 32768 105313.0 105313.0 105313.0 1.4138595615 1.4138595615 1.4138595615 5.65543824599 5.65543824599 5.65543824599
2496 32768 114841.0 114841.0 114841.0 1.42438550692 1.42438550692 1.42438550692 5.69754202767 5.69754202767 5.69754202767
2744 32768 129473.0 129473.0 129473.0 1.38894428954 1.38894428954 1.38894428954 5.55577715817 5.55577715817 5.55577715817
3016 32768 139398.0 139398.0 139398.0 1.41792978378 1.41792978378 1.41792978378 5.67171913514 5.67171913514 5.67171913514
3312 32768 154796.0 154796.0 154796.0 1.402201814 1.402201814 1.402201814 5.608807256 5.608807256 5.608807256
3640 32768 169552.0 169552.0 169552.0 1.40694913655 1.40694913655 1.40694913655 5.62779654619 5.62779654619 5.62779654619
4000 32768 185048.0 185048.0 185048.0 1.41662703731 1.41662703731 1.41662703731 5.66650814924 5.66650814924 5.66650814924
4400 16384 102284.0 102284.0 102284.0 1.40959680889 1.40959680889 1.40959680889 5.63838723554 5.63838723554 5.63838723554
4840 16384 111129.0 111129.0 111129.0 1.42714430977 1.42714430977 1.42714430977 5.70857723906 5.70857723906 5.70857723906
5320 16384 122131.0 122131.0 122131.0 1.42736700756 1.42736700756 1.42736700756 5.70946803023 5.70946803023 5.70946803023
5848 16384 134723.0 134723.0 134723.0 1.42237972729 1.42237972729 1.42237972729 5.68951890917 5.68951890917 5.68951890917
6432 16384 149151.0 149151.0 149151.0 1.413089929 1.413089929 1.413089929 5.65235971599 5.65235971599 5.65235971599
7072 16384 164612.0 164612.0 164612.0 1.40776672418 1.40776672418 1.40776672418 5.6310668967 5.6310668967 5.6310668967
7776 16384 185476.0 185476.0 185476.0 1.37378403675 1.37378403675 1.37378403675 5.49513614699 5.49513614699 5.49513614699
8552 8192 98760.0 98760.0 98760.0 1.41875220737 1.41875220737 1.41875220737 5.67500882949 5.67500882949 5.67500882949
9400 8192 108208.0 108208.0 108208.0 1.42327369511 1.42327369511 1.42327369511 5.69309478042 5.69309478042 5.69309478042
10336 8192 121628.0 121628.0 121628.0 1.39231940014 1.39231940014 1.39231940014 5.56927760055 5.56927760055 5.56927760055
11368 8192 130458.0 130458.0 130458.0 1.42768793022 1.42768793022 1.42768793022 5.71075172086 5.71075172086 5.71075172086
12504 8192 143635.0 143635.0 143635.0 1.42629258885 1.42629258885 1.42629258885 5.70517035541 5.70517035541 5.70517035541
13752 8192 157707.0 157707.0 157707.0 1.428679564 1.428679564 1.428679564 5.71471825601 5.71471825601 5.71471825601
15120 8192 174400.0 174400.0 174400.0 1.42044770642 1.42044770642 1.42044770642 5.68179082569 5.68179082569 5.68179082569
16632 4096 95472.0 95472.0 95472.0 1.42711312217 1.42711312217 1.42711312217 5.70845248869 5.70845248869 5.70845248869
18288 4096 105809.0 105809.0 105809.0 1.41590314624 1.41590314624 1.41590314624 5.66361258494 5.66361258494 5.66361258494
20112 4096 114978.0 114978.0 114978.0 1.43294807702 1.43294807702 1.43294807702 5.73179230809 5.73179230809 5.73179230809
22120 4096 126575.0 126575.0 126575.0 1.43161793403 1.43161793403 1.43161793403 5.72647173612 5.72647173612 5.72647173612
24328 4096 139009.0 139009.0 139009.0 1.4336839773 1.4336839773 1.4336839773 5.73473590919 5.73473590919 5.73473590919
26760 4096 153796.0 153796.0 153796.0 1.42538115426 1.42538115426 1.42538115426 5.70152461703 5.70152461703 5.70152461703
29432 4096 172279.0 172279.0 172279.0 1.39951441557 1.39951441557 1.39951441557 5.59805766228 5.59805766228 5.59805766228
32368 4096 188536.0 188536.0 188536.0 1.40640862223 1.40640862223 1.40640862223 5.6256344889 5.6256344889 5.6256344889
35600 2048 102714.0 102714.0 102714.0 1.41964678622 1.41964678622 1.41964678622 5.67858714489 5.67858714489 5.67858714489
39160 2048 113751.0 113751.0 113751.0 1.41009186732 1.41009186732 1.41009186732 5.6403674693 5.6403674693 5.6403674693
43072 2048 124183.0 124183.0 124183.0 1.42066878719 1.42066878719 1.42066878719 5.68267514877 5.68267514877 5.68267514877
47376 2048 137726.0 137726.0 137726.0 1.40897213308 1.40897213308 1.40897213308 5.6358885323 5.6358885323 5.6358885323
52112 2048 151374.0 151374.0 151374.0 1.41008860174 1.41008860174 1.41008860174 5.64035440697 5.64035440697 5.64035440697
57320 2048 167429.0 167429.0 167429.0 1.40228228085 1.40228228085 1.40228228085 5.60912912339 5.60912912339 5.60912912339
63048 2048 185729.0 185729.0 185729.0 1.39043772378 1.39043772378 1.39043772378 5.56175089512 5.56175089512 5.56175089512
69352 1024 99802.0 99802.0 99802.0 1.42314679065 1.42314679065 1.42314679065 5.69258716258 5.69258716258 5.69258716258
76280 1024 110906.0 110906.0 110906.0 1.40859322309 1.40859322309 1.40859322309 5.63437289236 5.63437289236 5.63437289236
83904 1024 121153.0 121153.0 121153.0 1.4183337763 1.4183337763 1.4183337763 5.6733351052 5.6733351052 5.6733351052
92288 1024 134015.0 134015.0 134015.0 1.41033335074 1.41033335074 1.41033335074 5.64133340298 5.64133340298 5.64133340298
101512 1024 147489.0 147489.0 147489.0 1.40957343259 1.40957343259 1.40957343259 5.63829373038 5.63829373038 5.63829373038
111656 1024 161784.0 161784.0 161784.0 1.4134369777 1.4134369777 1.4134369777 5.65374791079 5.65374791079 5.65374791079
122816 1024 178837.0 178837.0 178837.0 1.40646045281 1.40646045281 1.40646045281 5.62584181126 5.62584181126 5.62584181126
135096 512 97083.0 97083.0 97083.0 1.42494879639 1.42494879639 1.42494879639 5.69979518556 5.69979518556 5.69979518556
148600 512 113166.0 113166.0 113166.0 1.34463001255 1.34463001255 1.34463001255 5.37852005019 5.37852005019 5.37852005019
163456 512 117485.0 117485.0 117485.0 1.42468352556 1.42468352556 1.42468352556 5.69873410223 5.69873410223 5.69873410223
179800 512 130765.0 130765.0 130765.0 1.40798531717 1.40798531717 1.40798531717 5.63194126869 5.63194126869 5.63194126869
197776 512 142197.0 142197.0 142197.0 1.42423978002 1.42423978002 1.42423978002 5.69695912009 5.69695912009 5.69695912009
217552 512 158075.0 158075.0 158075.0 1.40928829986 1.40928829986 1.40928829986 5.63715319943 5.63715319943 5.63715319943
239304 512 172624.0 172624.0 172624.0 1.41954360923 1.41954360923 1.41954360923 5.67817443693 5.67817443693 5.67817443693
263232 256 96409.0 96409.0 96409.0 1.39794815837 1.39794815837 1.39794815837 5.59179263347 5.59179263347 5.59179263347
289552 256 104517.0 104517.0 104517.0 1.4184355081 1.4184355081 1.4184355081 5.6737420324 5.6737420324 5.6737420324
318504 256 114711.0 114711.0 114711.0 1.42160776212 1.42160776212 1.42160776212 5.68643104846 5.68643104846 5.68643104846
350352 256 126556.0 126556.0 126556.0 1.41739802143 1.41739802143 1.41739802143 5.66959208572 5.66959208572 5.66959208572
385384 256 141553.0 141553.0 141553.0 1.3939415484 1.3939415484 1.3939415484 5.57576619358 5.57576619358 5.57576619358
423920 256 157103.0 157103.0 157103.0 1.38155884993 1.38155884993 1.38155884993 5.52623539971 5.52623539971 5.52623539971
466312 256 173228.0 173228.0 173228.0 1.3782514605 1.3782514605 1.3782514605 5.51300584201 5.51300584201 5.51300584201
512936 256 187912.0 187912.0 187912.0 1.39758627443 1.39758627443 1.39758627443 5.59034509771 5.59034509771 5.59034509771
564224 128 102349.0 102349.0 102349.0 1.41126287506 1.41126287506 1.41126287506 5.64505150026 5.64505150026 5.64505150026
620640 128 111936.0 111936.0 111936.0 1.41941680961 1.41941680961 1.41941680961 5.67766723842 5.67766723842 5.67766723842
682704 128 124010.0 124010.0 124010.0 1.40933976292 1.40933976292 1.40933976292 5.63735905169 5.63735905169 5.63735905169
750968 128 136353.0 136353.0 136353.0 1.40992723299 1.40992723299 1.40992723299 5.63970893196 5.63970893196 5.63970893196
826064 128 149924.0 149924.0 149924.0 1.41053056215 1.41053056215 1.41053056215 5.64212224861 5.64212224861 5.64212224861
908664 128 166854.0 166854.0 166854.0 1.39414088964 1.39414088964 1.39414088964 5.57656355856 5.57656355856 5.57656355856
999528 128 183797.0 183797.0 183797.0 1.39218359386 1.39218359386 1.39218359386 5.56873437543 5.56873437543 5.56873437543
1099480 64 99538.0 99538.0 99538.0 1.41386646306 1.41386646306 1.41386646306 5.65546585224 5.65546585224 5.65546585224
1209424 64 111140.0 111140.0 111140.0 1.39289429548 1.39289429548 1.39289429548 5.57157718193 5.57157718193 5.57157718193
1330360 64 120241.0 120241.0 120241.0 1.41620645204 1.41620645204 1.41620645204 5.66482580817 5.66482580817 5.66482580817
1463392 64 134903.0 134903.0 134903.0 1.38851008502 1.38851008502 1.38851008502 5.5540403401 5.5540403401 5.5540403401
1609728 64 145945.0 145945.0 145945.0 1.41180022611 1.41180022611 1.41180022611 5.64720090445 5.64720090445 5.64720090445
1770696 64 164292.0 164292.0 164292.0 1.37955036155 1.37955036155 1.37955036155 5.51820144621 5.51820144621 5.51820144621
1947760 64 183228.0 183228.0 183228.0 1.36067238632 1.36067238632 1.36067238632 5.44268954527 5.44268954527 5.44268954527
2142536 32 97911.0 97911.0 97911.0 1.4004790473 1.4004790473 1.4004790473 5.60191618919 5.60191618919 5.60191618919
2356784 32 106663.0 106663.0 106663.0 1.41411901034 1.41411901034 1.41411901034 5.65647604136 5.65647604136 5.65647604136
2592456 32 121052.0 121052.0 121052.0 1.37062736675 1.37062736675 1.37062736675 5.48250946701 5.48250946701 5.48250946701
2851696 32 130781.0 130781.0 130781.0 1.39552797425 1.39552797425 1.39552797425 5.58211189699 5.58211189699 5.58211189699
3136864 32 143559.0 143559.0 143559.0 1.3984445141 1.3984445141 1.3984445141 5.59377805641 5.59377805641 5.59377805641
3450544 32 157174.0 157174.0 157174.0 1.40503401326 1.40503401326 1.40503401326 5.62013605304 5.62013605304 5.62013605304
3795592 32 172869.0 172869.0 172869.0 1.40521370518 1.40521370518 1.40521370518 5.6208548207 5.6208548207 5.6208548207
4175144 32 189549.0 189549.0 189549.0 1.4097105023 1.4097105023 1.4097105023 5.63884200919 5.63884200919 5.63884200919
4592656 16 106901.0 106901.0 106901.0 1.37477658768 1.37477658768 1.37477658768 5.49910635074 5.49910635074 5.49910635074
5051920 16 116010.0 116010.0 116010.0 1.39351297302 1.39351297302 1.39351297302 5.57405189208 5.57405189208 5.57405189208
5557112 16 131794.0 131794.0 131794.0 1.34928436803 1.34928436803 1.34928436803 5.39713747212 5.39713747212 5.39713747212
6112816 16 142104.0 142104.0 142104.0 1.37652783877 1.37652783877 1.37652783877 5.50611135506 5.50611135506 5.50611135506
6724096 16 118995.0 118995.0 118995.0 1.80823624522 1.80823624522 1.80823624522 7.23294498088 7.23294498088 7.23294498088
7396504 16 168088.0 168088.0 168088.0 1.40812031793 1.40812031793 1.40812031793 5.63248127171 5.63248127171 5.63248127171
8136152 16 187418.0 187418.0 187418.0 1.38917747495 1.38917747495 1.38917747495 5.5567098998 5.5567098998 5.5567098998
8949760 8 102046.0 102046.0 102046.0 1.40325108284 1.40325108284 1.40325108284 5.61300433138 5.61300433138 5.61300433138
9844736 8 113772.0 113772.0 113772.0 1.38448630595 1.38448630595 1.38448630595 5.53794522378 5.53794522378 5.53794522378
10829208 8 122992.0 122992.0 122992.0 1.40876909067 1.40876909067 1.40876909067 5.63507636269 5.63507636269 5.63507636269
11912128 8 136718.0 136718.0 136718.0 1.39406696997 1.39406696997 1.39406696997 5.57626787987 5.57626787987 5.57626787987
13103336 8 149416.0 149416.0 149416.0 1.40315211222 1.40315211222 1.40315211222 5.61260844889 5.61260844889 5.61260844889
14413664 8 165141.0 165141.0 165141.0 1.39649526162 1.39649526162 1.39649526162 5.5859810465 5.5859810465 5.5859810465
15855024 8 180212.0 180212.0 180212.0 1.40767753535 1.40767753535 1.40767753535 5.63071014139 5.63071014139 5.63071014139
17440520 4 101101.0 101101.0 101101.0 1.38004727945 1.38004727945 1.38004727945 5.52018911781 5.52018911781 5.52018911781
19184568 4 109154.0 109154.0 109154.0 1.40605515144 1.40605515144 1.40605515144 5.62422060575 5.62422060575 5.62422060575
21103024 4 120507.0 120507.0 120507.0 1.40094925606 1.40094925606 1.40094925606 5.60379702424 5.60379702424 5.60379702424
23213320 4 132091.0 132091.0 132091.0 1.40589866077 1.40589866077 1.40589866077 5.62359464309 5.62359464309 5.62359464309
25534648 4 149066.0 149066.0 149066.0 1.37038079777 1.37038079777 1.37038079777 5.48152319107 5.48152319107 5.48152319107
28088112 4 159650.0 159650.0 159650.0 1.40748447228 1.40748447228 1.40748447228 5.62993788913 5.62993788913 5.62993788913
30896920 4 178965.0 178965.0 178965.0 1.38113798787 1.38113798787 1.38113798787 5.5245519515 5.5245519515 5.5245519515
33986608 2 96765.0 96765.0 96765.0 1.40491326409 1.40491326409 1.40491326409 5.61965305637 5.61965305637 5.61965305637
37385264 2 106118.0 106118.0 106118.0 1.40919595168 1.40919595168 1.40919595168 5.63678380671 5.63678380671 5.63678380671
41123784 2 118718.0 118718.0 118718.0 1.38559557944 1.38559557944 1.38559557944 5.54238231776 5.54238231776 5.54238231776
45236160 2 128624.0 128624.0 128624.0 1.40677198657 1.40677198657 1.40677198657 5.62708794626 5.62708794626 5.62708794626
49759776 2 143108.0 143108.0 143108.0 1.39083142801 1.39083142801 1.39083142801 5.56332571205 5.56332571205 5.56332571205
54735752 2 155475.0 155475.0 155475.0 1.40822002251 1.40822002251 1.40822002251 5.63288009005 5.63288009005 5.63288009005
60209320 2 177723.0 177723.0 177723.0 1.35512724858 1.35512724858 1.35512724858 5.42050899433 5.42050899433 5.42050899433
66230248 2 189911.0 189911.0 189911.0 1.39497444592 1.39497444592 1.39497444592 5.5798977837 5.5798977837 5.5798977837
72853272 1 103625.0 103625.0 103625.0 1.40609451387 1.40609451387 1.40609451387 5.62437805549 5.62437805549 5.62437805549
80138592 1 115393.0 115393.0 115393.0 1.38896799633 1.38896799633 1.38896799633 5.5558719853 5.5558719853 5.5558719853
88152448 1 126533.0 126533.0 126533.0 1.39335110999 1.39335110999 1.39335110999 5.57340443995 5.57340443995 5.57340443995
96967688 1 138003.0 138003.0 138003.0 1.40529826163 1.40529826163 1.40529826163 5.62119304653 5.62119304653 5.62119304653
106664456 1 151712.0 151712.0 151712.0 1.40614395697 1.40614395697 1.40614395697 5.62457582788 5.62457582788 5.62457582788
117330896 1 176329.0 176329.0 176329.0 1.33081791424 1.33081791424 1.33081791424 5.32327165696 5.32327165696 5.32327165696
129063984 1 184908.0 184908.0 184908.0 1.39598053086 1.39598053086 1.39598053086 5.58392212343 5.58392212343 5.58392212343

META_DATA
ERT_VERSION  1.1.0
UNAME  ('Linux', '5a2343cba07f', '4.19.76-linuxkit', '#1 SMP Thu Oct 17 19:31:58 UTC 2019', 'x86_64', 'x86_64')
FLOPS          64
TIMESTAMP_DATA  1588204263.08
HOSTNAME  ('5a2343cba07f', [], ['172.17.0.2'])
CONFIG  {'ERT_WORKING_SET_MIN': ['1'], 'ERT_CFLAGS': ['-Ofast', '-march=native'], 'ERT_CC': ['cc'], 'ERT_MPI_CFLAGS': [], 'ERT_MPI_LDFLAGS': [], 'ERT_MEMORY_MAX': ['134217728', '#', '128MB'], 'ERT_LDFLAGS': [], 'ERT_LDLIBS': [], 'ERT_RUN': ['./ERT_CODE'], 'ERT_FLOPS': ['1,4,16,64'], 'ERT_OPENMP_CFLAGS': ['-fopenmp'], 'ERT_MPI': ['False'], 'ERT_TRIALS_MIN': ['1'], 'ERT_DRIVER': ['driver1'], 'ERT_RESULTS': ['Sequential'], 'ERT_OPENMP': ['False'], 'ERT_KERNEL': ['kernel1'], 'ERT_GPU': [False], 'ERT_LD': ['cc'], 'ERT_NUM_EXPERIMENTS': ['1'], 'ERT_OPENMP_LDFLAGS': ['-fopenmp'], 'ERT_ALIGN': ['64'], 'ERT_GNUPLOT': ['gnuplot']}
