8 16777216 441261.0 441261.0 441261.0 0.60833714287 0.60833714287 0.60833714287 0.60833714287 0.60833714287 0.60833714287
16 8388608 226229.0 226229.0 226229.0 1.18656518837 1.18656518837 1.18656518837 1.18656518837 1.18656518837 1.18656518837
24 4194304 110108.0 110108.0 110108.0 1.82844654339 1.82844654339 1.82844654339 1.82844654339 1.82844654339 1.82844654339
32 4194304 116821.0 116821.0 116821.0 2.29783562887 2.29783562887 2.29783562887 2.29783562887 2.29783562887 2.29783562887
40 2097152 55804.0 55804.0 55804.0 3.00645401763 3.00645401763 3.00645401763 3.00645401763 3.00645401763 3.00645401763
48 2097152 55624.0 55624.0 55624.0 3.61941953114 3.61941953114 3.61941953114 3.61941953114 3.61941953114 3.61941953114
56 2097152 56034.0 56034.0 56034.0 4.19175900346 4.19175900346 4.19175900346 4.19175900346 4.19175900346 4.19175900346
64 2097152 56613.0 56613.0 56613.0 4.74158684401 4.74158684401 4.74158684401 4.74158684401 4.74158684401 4.74158684401
72 1048576 28152.0 28152.0 28152.0 5.3635601023 5.3635601023 5.3635601023 5.3635601023 5.3635601023 5.3635601023
80 1048576 27986.0 27986.0 27986.0 5.99486028729 5.99486028729 5.99486028729 5.99486028729 5.99486028729 5.99486028729
88 1048576 29961.0 29961.0 29961.0 6.15965341611 6.15965341611 6.15965341611 6.15965341611 6.15965341611 6.15965341611
96 1048576 27664.0 27664.0 27664.0 7.27756622325 7.27756622325 7.27756622325 7.27756622325 7.27756622325 7.27756622325
104 1048576 28084.0 28084.0 28084.0 7.76612334425 7.76612334425 7.76612334425 7.76612334425 7.76612334425 7.76612334425
112 1048576 30862.0 30862.0 30862.0 7.61068705852 7.61068705852 7.61068705852 7.61068705852 7.61068705852 7.61068705852
120 1048576 35599.0 35599.0 35599.0 7.06925025984 7.06925025984 7.06925025984 7.06925025984 7.06925025984 7.06925025984
128 1048576 28506.0 28506.0 28506.0 9.41680544447 9.41680544447 9.41680544447 9.41680544447 9.41680544447 9.41680544447
136 524288 15935.0 15935.0 15935.0 8.94925233762 8.94925233762 8.94925233762 8.94925233762 8.94925233762 8.94925233762
144 524288 18389.0 18389.0 18389.0 8.21115579966 8.21115579966 8.21115579966 8.21115579966 8.21115579966 8.21115579966
152 524288 22302.0 22302.0 22302.0 7.14660353332 7.14660353332 7.14660353332 7.14660353332 7.14660353332 7.14660353332
160 524288 15988.0 15988.0 15988.0 10.4936302227 10.4936302227 10.4936302227 10.4936302227 10.4936302227 10.4936302227
176 524288 21648.0 21648.0 21648.0 8.52500813008 8.52500813008 8.52500813008 8.52500813008 8.52500813008 8.52500813008
192 524288 19002.0 19002.0 19002.0 10.5950211557 10.5950211557 10.5950211557 10.5950211557 10.5950211557 10.5950211557
208 524288 24995.0 24995.0 24995.0 8.7258974995 8.7258974995 8.7258974995 8.7258974995 8.7258974995 8.7258974995
224 524288 22267.0 22267.0 22267.0 10.548391072 10.548391072 10.548391072 10.548391072 10.548391072 10.548391072
240 524288 27957.0 27957.0 27957.0 9.00161819938 9.00161819938 9.00161819938 9.00161819938 9.00161819938 9.00161819938
264 262144 14335.0 14335.0 14335.0 9.65553065923 9.65553065923 9.65553065923 9.65553065923 9.65553065923 9.65553065923
288 262144 14179.0 14179.0 14179.0 10.6491955709 10.6491955709 10.6491955709 10.6491955709 10.6491955709 10.6491955709
312 262144 18446.0 18446.0 18446.0 8.86793104196 8.86793104196 8.86793104196 8.86793104196 8.86793104196 8.86793104196
336 262144 19809.0 19809.0 19809.0 8.89296622747 8.89296622747 8.89296622747 8.89296622747 8.89296622747 8.89296622747
368 262144 20250.0 20250.0 20250.0 9.52780167901 9.52780167901 9.52780167901 9.52780167901 9.52780167901 9.52780167901
400 262144 23196.0 23196.0 23196.0 9.04100707018 9.04100707018 9.04100707018 9.04100707018 9.04100707018 9.04100707018
440 262144 24661.0 24661.0 24661.0 9.35431328819 9.35431328819 9.35431328819 9.35431328819 9.35431328819 9.35431328819
480 262144 23628.0 23628.0 23628.0 10.6508481463 10.6508481463 10.6508481463 10.6508481463 10.6508481463 10.6508481463
528 131072 14241.0 14241.0 14241.0 9.71926353486 9.71926353486 9.71926353486 9.71926353486 9.71926353486 9.71926353486
576 131072 14118.0 14118.0 14118.0 10.6952078198 10.6952078198 10.6952078198 10.6952078198 10.6952078198 10.6952078198
632 131072 17485.0 17485.0 17485.0 9.47526496997 9.47526496997 9.47526496997 9.47526496997 9.47526496997 9.47526496997
688 131072 17976.0 17976.0 17976.0 10.0331036938 10.0331036938 10.0331036938 10.0331036938 10.0331036938 10.0331036938
752 131072 19773.0 19773.0 19773.0 9.9697713043 9.9697713043 9.9697713043 9.9697713043 9.9697713043 9.9697713043
824 131072 21757.0 21757.0 21757.0 9.92814524061 9.92814524061 9.92814524061 9.92814524061 9.92814524061 9.92814524061
904 131072 22938.0 22938.0 22938.0 10.3312484088 10.3312484088 10.3312484088 10.3312484088 10.3312484088 10.3312484088
992 131072 25256.0 25256.0 25256.0 10.2964383909 10.2964383909 10.2964383909 10.2964383909 10.2964383909 10.2964383909
1088 65536 13687.0 13687.0 13687.0 10.419108351 10.419108351 10.419108351 10.419108351 10.419108351 10.419108351
1192 65536 15024.0 15024.0 15024.0 10.3992161874 10.3992161874 10.3992161874 10.3992161874 10.3992161874 10.3992161874
1304 65536 17640.0 17640.0 17640.0 9.68922267574 9.68922267574 9.68922267574 9.68922267574 9.68922267574 9.68922267574
1432 65536 18536.0 18536.0 18536.0 10.125976694 10.125976694 10.125976694 10.125976694 10.125976694 10.125976694
1568 65536 20024.0 20024.0 20024.0 10.263728326 10.263728326 10.263728326 10.263728326 10.263728326 10.263728326
1720 65536 24478.0 24478.0 24478.0 9.2100596454 9.2100596454 9.2100596454 9.2100596454 9.2100596454 9.2100596454
1888 65536 24303.0 24303.0 24303.0 10.1824439781 10.1824439781 10.1824439781 10.1824439781 10.1824439781 10.1824439781
2072 32768 13146.0 13146.0 13146.0 10.3294227902 10.3294227902 10.3294227902 10.3294227902 10.3294227902 10.3294227902
2272 32768 14017.0 14017.0 14017.0 10.62265763 10.62265763 10.62265763 10.62265763 10.62265763 10.62265763
2496 32768 16155.0 16155.0 16155.0 10.1255249768 10.1255249768 10.1255249768 10.1255249768 10.1255249768 10.1255249768
2744 32768 17484.0 17484.0 17484.0 10.2854486388 10.2854486388 10.2854486388 10.2854486388 10.2854486388 10.2854486388
3016 32768 18741.0 18741.0 18741.0 10.5467464916 10.5467464916 10.5467464916 10.5467464916 10.5467464916 10.5467464916
3312 32768 20669.0 20669.0 20669.0 10.5014868644 10.5014868644 10.5014868644 10.5014868644 10.5014868644 10.5014868644
3640 32768 22891.0 22891.0 22891.0 10.4211716395 10.4211716395 10.4211716395 10.4211716395 10.4211716395 10.4211716395
4000 32768 24757.0 24757.0 24757.0 10.5886819889 10.5886819889 10.5886819889 10.5886819889 10.5886819889 10.5886819889
4400 16384 15757.0 15757.0 15757.0 9.15016817922 9.15016817922 9.15016817922 9.15016817922 9.15016817922 9.15016817922
4840 16384 15137.0 15137.0 15137.0 10.4774473145 10.4774473145 10.4774473145 10.4774473145 10.4774473145 10.4774473145
5320 16384 16643.0 16643.0 16643.0 10.4744192754 10.4744192754 10.4744192754 10.4744192754 10.4744192754 10.4744192754
5848 16384 18419.0 18419.0 18419.0 10.4037821814 10.4037821814 10.4037821814 10.4037821814 10.4037821814 10.4037821814
6432 16384 19898.0 19898.0 19898.0 10.5922090662 10.5922090662 10.5922090662 10.5922090662 10.5922090662 10.5922090662
7072 16384 22981.0 22981.0 22981.0 10.0837777294 10.0837777294 10.0837777294 10.0837777294 10.0837777294 10.0837777294
7776 16384 24259.0 24259.0 24259.0 10.5034819242 10.5034819242 10.5034819242 10.5034819242 10.5034819242 10.5034819242
8552 8192 13279.0 13279.0 13279.0 10.5516957602 10.5516957602 10.5516957602 10.5516957602 10.5516957602 10.5516957602
9400 8192 14607.0 14607.0 14607.0 10.5435476142 10.5435476142 10.5435476142 10.5435476142 10.5435476142 10.5435476142
10336 8192 15727.0 15727.0 15727.0 10.7677894068 10.7677894068 10.7677894068 10.7677894068 10.7677894068 10.7677894068
11368 8192 17802.0 17802.0 17802.0 10.4624936524 10.4624936524 10.4624936524 10.4624936524 10.4624936524 10.4624936524
12504 8192 20273.0 20273.0 20273.0 10.1053389237 10.1053389237 10.1053389237 10.1053389237 10.1053389237 10.1053389237
13752 8192 21292.0 21292.0 21292.0 10.5820387 10.5820387 10.5820387 10.5820387 10.5820387 10.5820387
15120 8192 24268.0 24268.0 24268.0 10.2079314323 10.2079314323 10.2079314323 10.2079314323 10.2079314323 10.2079314323
16632 4096 12905.0 12905.0 12905.0 10.5578724525 10.5578724525 10.5578724525 10.5578724525 10.5578724525 10.5578724525
18288 4096 14474.0 14474.0 14474.0 10.350649164 10.350649164 10.350649164 10.350649164 10.350649164 10.350649164
20112 4096 15556.0 15556.0 15556.0 10.5912512214 10.5912512214 10.5912512214 10.5912512214 10.5912512214 10.5912512214
22120 4096 17028.0 17028.0 17028.0 10.6417101245 10.6417101245 10.6417101245 10.6417101245 10.6417101245 10.6417101245
24328 4096 19247.0 19247.0 19247.0 10.35459947 10.35459947 10.35459947 10.35459947 10.35459947 10.35459947
26760 4096 20550.0 20550.0 20550.0 10.6675386861 10.6675386861 10.6675386861 10.6675386861 10.6675386861 10.6675386861
29432 4096 22670.0 22670.0 22670.0 10.6355070137 10.6355070137 10.6355070137 10.6355070137 10.6355070137 10.6355070137
32368 4096 24976.0 24976.0 24976.0 10.6165381166 10.6165381166 10.6165381166 10.6165381166 10.6165381166 10.6165381166
35600 2048 13737.0 13737.0 13737.0 10.6149523186 10.6149523186 10.6149523186 10.6149523186 10.6149523186 10.6149523186
39160 2048 15578.0 15578.0 15578.0 10.2965310053 10.2965310053 10.2965310053 10.2965310053 10.2965310053 10.2965310053
43072 2048 16678.0 16678.0 16678.0 10.5781815565 10.5781815565 10.5781815565 10.5781815565 10.5781815565 10.5781815565
47376 2048 18305.0 18305.0 18305.0 10.6010432122 10.6010432122 10.6010432122 10.6010432122 10.6010432122 10.6010432122
52112 2048 20120.0 20120.0 20120.0 10.6088842942 10.6088842942 10.6088842942 10.6088842942 10.6088842942 10.6088842942
57320 2048 24425.0 24425.0 24425.0 9.61239385875 9.61239385875 9.61239385875 9.61239385875 9.61239385875 9.61239385875
63048 2048 24366.0 24366.0 24366.0 10.5985639005 10.5985639005 10.5985639005 10.5985639005 10.5985639005 10.5985639005
69352 1024 13369.0 13369.0 13369.0 10.6240478719 10.6240478719 10.6240478719 10.6240478719 10.6240478719 10.6240478719
76280 1024 14599.0 14599.0 14599.0 10.7008315638 10.7008315638 10.7008315638 10.7008315638 10.7008315638 10.7008315638
83904 1024 16297.0 16297.0 16297.0 10.5439892005 10.5439892005 10.5439892005 10.5439892005 10.5439892005 10.5439892005
92288 1024 18008.0 18008.0 18008.0 10.4956588183 10.4956588183 10.4956588183 10.4956588183 10.4956588183 10.4956588183
101512 1024 20728.0 20728.0 20728.0 10.029746044 10.029746044 10.029746044 10.029746044 10.029746044 10.029746044
111656 1024 22074.0 22074.0 22074.0 10.3593135816 10.3593135816 10.3593135816 10.3593135816 10.3593135816 10.3593135816
122816 1024 24920.0 24920.0 24920.0 10.0933855538 10.0933855538 10.0933855538 10.0933855538 10.0933855538 10.0933855538
135096 512 13044.0 13044.0 13044.0 10.6055124195 10.6055124195 10.6055124195 10.6055124195 10.6055124195 10.6055124195
148600 512 14348.0 14348.0 14348.0 10.6054084193 10.6054084193 10.6054084193 10.6054084193 10.6054084193 10.6054084193
163456 512 15885.0 15885.0 15885.0 10.5369180988 10.5369180988 10.5369180988 10.5369180988 10.5369180988 10.5369180988
179800 512 17600.0 17600.0 17600.0 10.4610909091 10.4610909091 10.4610909091 10.4610909091 10.4610909091 10.4610909091
197776 512 19427.0 19427.0 19427.0 10.4248017707 10.4248017707 10.4248017707 10.4248017707 10.4248017707 10.4248017707
217552 512 21330.0 21330.0 21330.0 10.444127895 10.444127895 10.444127895 10.444127895 10.444127895 10.444127895
239304 512 23264.0 23264.0 23264.0 10.5333259972 10.5333259972 10.5333259972 10.5333259972 10.5333259972 10.5333259972
263232 256 12718.0 12718.0 12718.0 10.5971681082 10.5971681082 10.5971681082 10.5971681082 10.5971681082 10.5971681082
289552 256 13989.0 13989.0 13989.0 10.5976570162 10.5976570162 10.5976570162 10.5976570162 10.5976570162 10.5976570162
318504 256 15720.0 15720.0 15720.0 10.3736671756 10.3736671756 10.3736671756 10.3736671756 10.3736671756 10.3736671756
350352 256 17207.0 17207.0 17207.0 10.4248401232 10.4248401232 10.4248401232 10.4248401232 10.4248401232 10.4248401232
385384 256 18546.0 18546.0 18546.0 10.6393080988 10.6393080988 10.6393080988 10.6393080988 10.6393080988 10.6393080988
423920 256 20662.0 20662.0 20662.0 10.5046481464 10.5046481464 10.5046481464 10.5046481464 10.5046481464 10.5046481464
466312 256 22656.0 22656.0 22656.0 10.5381242938 10.5381242938 10.5381242938 10.5381242938 10.5381242938 10.5381242938
512936 256 24962.0 24962.0 24962.0 10.52092108 10.52092108 10.52092108 10.52092108 10.52092108 10.52092108
564224 128 14638.0 14638.0 14638.0 9.86756004919 9.86756004919 9.86756004919 9.86756004919 9.86756004919 9.86756004919
620640 128 15092.0 15092.0 15092.0 10.5276861914 10.5276861914 10.5276861914 10.5276861914 10.5276861914 10.5276861914
682704 128 16531.0 16531.0 16531.0 10.5723927167 10.5723927167 10.5723927167 10.5723927167 10.5723927167 10.5723927167
750968 128 19781.0 19781.0 19781.0 9.71881138466 9.71881138466 9.71881138466 9.71881138466 9.71881138466 9.71881138466
826064 128 20169.0 20169.0 20169.0 10.4850207745 10.4850207745 10.4850207745 10.4850207745 10.4850207745 10.4850207745
908664 128 22496.0 22496.0 22496.0 10.3404153627 10.3404153627 10.3404153627 10.3404153627 10.3404153627 10.3404153627
999528 128 24532.0 24532.0 24532.0 10.4304242622 10.4304242622 10.4304242622 10.4304242622 10.4304242622 10.4304242622
1099480 64 13677.0 13677.0 13677.0 10.2897886964 10.2897886964 10.2897886964 10.2897886964 10.2897886964 10.2897886964
1209424 64 14822.0 14822.0 14822.0 10.4443578464 10.4443578464 10.4443578464 10.4443578464 10.4443578464 10.4443578464
1330360 64 16207.0 16207.0 16207.0 10.5069463812 10.5069463812 10.5069463812 10.5069463812 10.5069463812 10.5069463812
1463392 64 17934.0 17934.0 17934.0 10.4446401249 10.4446401249 10.4446401249 10.4446401249 10.4446401249 10.4446401249
1609728 64 20050.0 20050.0 20050.0 10.2765677805 10.2765677805 10.2765677805 10.2765677805 10.2765677805 10.2765677805
1770696 64 22168.0 22168.0 22168.0 10.2241559004 10.2241559004 10.2241559004 10.2241559004 10.2241559004 10.2241559004
1947760 64 34678.0 34678.0 34678.0 7.18937885691 7.18937885691 7.18937885691 7.18937885691 7.18937885691 7.18937885691
2142536 32 13365.0 13365.0 13365.0 10.2598057613 10.2598057613 10.2598057613 10.2598057613 10.2598057613 10.2598057613
2356784 32 15281.0 15281.0 15281.0 9.8707006086 9.8707006086 9.8707006086 9.8707006086 9.8707006086 9.8707006086
2592456 32 19878.0 19878.0 19878.0 8.3467745246 8.3467745246 8.3467745246 8.3467745246 8.3467745246 8.3467745246
2851696 32 18775.0 18775.0 18775.0 9.72082790945 9.72082790945 9.72082790945 9.72082790945 9.72082790945 9.72082790945
3136864 32 21042.0 21042.0 21042.0 9.54088470678 9.54088470678 9.54088470678 9.54088470678 9.54088470678 9.54088470678
3450544 32 23247.0 23247.0 23247.0 9.49949739751 9.49949739751 9.49949739751 9.49949739751 9.49949739751 9.49949739751
3795592 32 25754.0 25754.0 25754.0 9.43223918615 9.43223918615 9.43223918615 9.43223918615 9.43223918615 9.43223918615
4175144 32 28257.0 28257.0 28257.0 9.45639013342 9.45639013342 9.45639013342 9.45639013342 9.45639013342 9.45639013342
4592656 16 15770.0 15770.0 15770.0 9.31927660114 9.31927660114 9.31927660114 9.31927660114 9.31927660114 9.31927660114
5051920 16 16892.0 16892.0 16892.0 9.57029599811 9.57029599811 9.57029599811 9.57029599811 9.57029599811 9.57029599811
5557112 16 18785.0 18785.0 18785.0 9.46646707479 9.46646707479 9.46646707479 9.46646707479 9.46646707479 9.46646707479
6112816 16 20560.0 20560.0 20560.0 9.51411050584 9.51411050584 9.51411050584 9.51411050584 9.51411050584 9.51411050584
6724096 16 22599.0 22599.0 22599.0 9.52126518873 9.52126518873 9.52126518873 9.52126518873 9.52126518873 9.52126518873
7396504 16 25186.0 25186.0 25186.0 9.39760692448 9.39760692448 9.39760692448 9.39760692448 9.39760692448 9.39760692448
8136152 16 27306.0 27306.0 27306.0 9.53478590786 9.53478590786 9.53478590786 9.53478590786 9.53478590786 9.53478590786
8949760 8 14988.0 14988.0 14988.0 9.55405390979 9.55405390979 9.55405390979 9.55405390979 9.55405390979 9.55405390979
9844736 8 16506.0 16506.0 16506.0 9.54294050648 9.54294050648 9.54294050648 9.54294050648 9.54294050648 9.54294050648
10829208 8 18104.0 18104.0 18104.0 9.57066548829 9.57066548829 9.57066548829 9.57066548829 9.57066548829 9.57066548829
11912128 8 19937.0 19937.0 19937.0 9.55981581983 9.55981581983 9.55981581983 9.55981581983 9.55981581983 9.55981581983
13103336 8 21962.0 21962.0 21962.0 9.54618777889 9.54618777889 9.54618777889 9.54618777889 9.54618777889 9.54618777889
14413664 8 24239.0 24239.0 24239.0 9.51436214365 9.51436214365 9.51436214365 9.51436214365 9.51436214365 9.51436214365
15855024 8 26922.0 26922.0 26922.0 9.4227911745 9.4227911745 9.4227911745 9.4227911745 9.4227911745 9.4227911745
17440520 4 14726.0 14726.0 14726.0 9.47468151569 9.47468151569 9.47468151569 9.47468151569 9.47468151569 9.47468151569
19184568 4 16091.0 16091.0 16091.0 9.53803641787 9.53803641787 9.53803641787 9.53803641787 9.53803641787 9.53803641787
21103024 4 24773.0 24773.0 24773.0 6.81484648609 6.81484648609 6.81484648609 6.81484648609 6.81484648609 6.81484648609
23213320 4 19889.0 19889.0 19889.0 9.33714917794 9.33714917794 9.33714917794 9.33714917794 9.33714917794 9.33714917794
25534648 4 21554.0 21554.0 21554.0 9.47746051777 9.47746051777 9.47746051777 9.47746051777 9.47746051777 9.47746051777
28088112 4 26394.0 26394.0 26394.0 8.51348397363 8.51348397363 8.51348397363 8.51348397363 8.51348397363 8.51348397363
30896920 4 26469.0 26469.0 26469.0 9.33829611999 9.33829611999 9.33829611999 9.33829611999 9.33829611999 9.33829611999
33986608 2 14521.0 14521.0 14521.0 9.3620571586 9.3620571586 9.3620571586 9.3620571586 9.3620571586 9.3620571586
37385264 2 16075.0 16075.0 16075.0 9.30270954899 9.30270954899 9.30270954899 9.30270954899 9.30270954899 9.30270954899
41123784 2 17475.0 17475.0 17475.0 9.41316944206 9.41316944206 9.41316944206 9.41316944206 9.41316944206 9.41316944206
45236160 2 19444.0 19444.0 19444.0 9.30593704999 9.30593704999 9.30593704999 9.30593704999 9.30593704999 9.30593704999
49759776 2 21234.0 21234.0 21234.0 9.37360384289 9.37360384289 9.37360384289 9.37360384289 9.37360384289 9.37360384289
54735752 2 23334.0 23334.0 23334.0 9.38300368561 9.38300368561 9.38300368561 9.38300368561 9.38300368561 9.38300368561
60209320 2 25647.0 25647.0 25647.0 9.39046594144 9.39046594144 9.39046594144 9.39046594144 9.39046594144 9.39046594144
66230248 2 28285.0 28285.0 28285.0 9.366130175 9.366130175 9.366130175 9.366130175 9.366130175 9.366130175
72853272 1 15551.0 15551.0 15551.0 9.36959320944 9.36959320944 9.36959320944 9.36959320944 9.36959320944 9.36959320944
80138592 1 17092.0 17092.0 17092.0 9.37732178797 9.37732178797 9.37732178797 9.37732178797 9.37732178797 9.37732178797
88152448 1 19163.0 19163.0 19163.0 9.20027636591 9.20027636591 9.20027636591 9.20027636591 9.20027636591 9.20027636591
96967688 1 20617.0 20617.0 20617.0 9.40657593248 9.40657593248 9.40657593248 9.40657593248 9.40657593248 9.40657593248
106664456 1 22912.0 22912.0 22912.0 9.31079399441 9.31079399441 9.31079399441 9.31079399441 9.31079399441 9.31079399441
117330896 1 25003.0 25003.0 25003.0 9.38534543855 9.38534543855 9.38534543855 9.38534543855 9.38534543855 9.38534543855
129063984 1 27618.0 27618.0 27618.0 9.34636715186 9.34636715186 9.34636715186 9.34636715186 9.34636715186 9.34636715186

META_DATA
ERT_VERSION  1.1.0
UNAME  ('Linux', '5a2343cba07f', '4.19.76-linuxkit', '#1 SMP Thu Oct 17 19:31:58 UTC 2019', 'x86_64', 'x86_64')
FLOPS          16
HOSTNAME  ('5a2343cba07f', [], ['172.17.0.2'])
TIMESTAMP_DATA  1588204253.18
CONFIG  {'ERT_WORKING_SET_MIN': ['1'], 'ERT_CFLAGS': ['-Ofast', '-march=native'], 'ERT_CC': ['cc'], 'ERT_MPI_CFLAGS': [], 'ERT_MPI_LDFLAGS': [], 'ERT_MEMORY_MAX': ['134217728', '#', '128MB'], 'ERT_LDFLAGS': [], 'ERT_LDLIBS': [], 'ERT_RUN': ['./ERT_CODE'], 'ERT_FLOPS': ['1,4,16,64'], 'ERT_OPENMP_CFLAGS': ['-fopenmp'], 'ERT_MPI': ['False'], 'ERT_TRIALS_MIN': ['1'], 'ERT_DRIVER': ['driver1'], 'ERT_RESULTS': ['Sequential'], 'ERT_OPENMP': ['False'], 'ERT_KERNEL': ['kernel1'], 'ERT_GPU': [False], 'ERT_LD': ['cc'], 'ERT_NUM_EXPERIMENTS': ['1'], 'ERT_OPENMP_LDFLAGS': ['-fopenmp'], 'ERT_ALIGN': ['64'], 'ERT_GNUPLOT': ['gnuplot']}
