8 16777216 69178.0 69178.0 69178.0 3.88035872676 3.88035872676 3.88035872676 0.242522420423 0.242522420423 0.242522420423
16 8388608 25793.0 25793.0 25793.0 10.4072987245 10.4072987245 10.4072987245 0.650456170279 0.650456170279 0.650456170279
24 4194304 14106.0 14106.0 14106.0 14.2724083369 14.2724083369 14.2724083369 0.892025521055 0.892025521055 0.892025521055
32 4194304 14579.0 14579.0 14579.0 18.4124738322 18.4124738322 18.4124738322 1.15077961451 1.15077961451 1.15077961451
40 2097152 7494.0 7494.0 7494.0 22.3875313584 22.3875313584 22.3875313584 1.3992207099 1.3992207099 1.3992207099
48 2097152 15954.0 15954.0 15954.0 12.6191921775 12.6191921775 12.6191921775 0.788699511094 0.788699511094 0.788699511094
56 2097152 18301.0 18301.0 18301.0 12.8343273045 12.8343273045 12.8343273045 0.802145456532 0.802145456532 0.802145456532
64 2097152 19991.0 19991.0 19991.0 13.4278153169 13.4278153169 13.4278153169 0.839238457306 0.839238457306 0.839238457306
72 1048576 11842.0 11842.0 11842.0 12.7507975004 12.7507975004 12.7507975004 0.796924843776 0.796924843776 0.796924843776
80 1048576 12405.0 12405.0 12405.0 13.5245594518 13.5245594518 13.5245594518 0.84528496574 0.84528496574 0.84528496574
88 1048576 15680.0 15680.0 15680.0 11.7697306122 11.7697306122 11.7697306122 0.735608163265 0.735608163265 0.735608163265
96 1048576 18103.0 18103.0 18103.0 11.1211728443 11.1211728443 11.1211728443 0.695073302767 0.695073302767 0.695073302767
104 1048576 15858.0 15858.0 15858.0 13.753550763 13.753550763 13.753550763 0.859596922689 0.859596922689 0.859596922689
112 1048576 17037.0 17037.0 17037.0 13.7865248577 13.7865248577 13.7865248577 0.861657803604 0.861657803604 0.861657803604
120 1048576 18039.0 18039.0 18039.0 13.950786629 13.950786629 13.950786629 0.871924164311 0.871924164311 0.871924164311
128 1048576 4556.0 4556.0 4556.0 58.9191079895 58.9191079895 58.9191079895 3.68244424934 3.68244424934 3.68244424934
136 524288 2547.0 2547.0 2547.0 55.989923832 55.989923832 55.989923832 3.4993702395 3.4993702395 3.4993702395
144 524288 2912.0 2912.0 2912.0 51.8526593407 51.8526593407 51.8526593407 3.24079120879 3.24079120879 3.24079120879
152 524288 3459.0 3459.0 3459.0 46.0779277248 46.0779277248 46.0779277248 2.8798704828 2.8798704828 2.8798704828
160 524288 4046.0 4046.0 4046.0 41.4661789422 41.4661789422 41.4661789422 2.59163618389 2.59163618389 2.59163618389
176 524288 5281.0 5281.0 5281.0 34.9459147889 34.9459147889 34.9459147889 2.1841196743 2.1841196743 2.1841196743
192 524288 6517.0 6517.0 6517.0 30.8925260089 30.8925260089 30.8925260089 1.93078287556 1.93078287556 1.93078287556
208 524288 7455.0 7455.0 7455.0 29.2560439973 29.2560439973 29.2560439973 1.82850274983 1.82850274983 1.82850274983
224 524288 8631.0 8631.0 8631.0 27.2136512571 27.2136512571 27.2136512571 1.70085320357 1.70085320357 1.70085320357
240 524288 10174.0 10174.0 10174.0 24.7354275604 24.7354275604 24.7354275604 1.54596422253 1.54596422253 1.54596422253
264 262144 2422.0 2422.0 2422.0 57.1478249381 57.1478249381 57.1478249381 3.57173905863 3.57173905863 3.57173905863
288 262144 2634.0 2634.0 2634.0 57.3253394077 57.3253394077 57.3253394077 3.58283371298 3.58283371298 3.58283371298
312 262144 3624.0 3624.0 3624.0 45.1373774834 45.1373774834 45.1373774834 2.82108609272 2.82108609272 2.82108609272
336 262144 4387.0 4387.0 4387.0 40.1551784819 40.1551784819 40.1551784819 2.50969865512 2.50969865512 2.50969865512
368 262144 5720.0 5720.0 5720.0 33.7304167832 33.7304167832 33.7304167832 2.10815104895 2.10815104895 2.10815104895
400 262144 3124.0 3124.0 3124.0 67.1303457106 67.1303457106 67.1303457106 4.19564660691 4.19564660691 4.19564660691
440 262144 4336.0 4336.0 4336.0 53.2026568266 53.2026568266 53.2026568266 3.32516605166 3.32516605166 3.32516605166
480 262144 5670.0 5670.0 5670.0 44.3841693122 44.3841693122 44.3841693122 2.77401058201 2.77401058201 2.77401058201
528 131072 2064.0 2064.0 2064.0 67.0600930233 67.0600930233 67.0600930233 4.19125581395 4.19125581395 4.19125581395
576 131072 2635.0 2635.0 2635.0 57.3035840607 57.3035840607 57.3035840607 3.5814740038 3.5814740038 3.5814740038
632 131072 3723.0 3723.0 3723.0 44.5004050497 44.5004050497 44.5004050497 2.78127531561 2.78127531561 2.78127531561
688 131072 2766.0 2766.0 2766.0 65.2042921186 65.2042921186 65.2042921186 4.07526825741 4.07526825741 4.07526825741
752 131072 3815.0 3815.0 3815.0 51.6729457405 51.6729457405 51.6729457405 3.22955910878 3.22955910878 3.22955910878
824 131072 3403.0 3403.0 3403.0 63.4753617396 63.4753617396 63.4753617396 3.96721010873 3.96721010873 3.96721010873
904 131072 3125.0 3125.0 3125.0 75.83301632 75.83301632 75.83301632 4.73956352 4.73956352 4.73956352
992 131072 4452.0 4452.0 4452.0 58.4112416891 58.4112416891 58.4112416891 3.65070260557 3.65070260557 3.65070260557
1088 65536 2109.0 2109.0 2109.0 67.6179876719 67.6179876719 67.6179876719 4.22612422949 4.22612422949 4.22612422949
1192 65536 2086.0 2086.0 2086.0 74.8982857143 74.8982857143 74.8982857143 4.68114285714 4.68114285714 4.68114285714
1304 65536 2198.0 2198.0 2198.0 77.7606405823 77.7606405823 77.7606405823 4.8600400364 4.8600400364 4.8600400364
1432 65536 2323.0 2323.0 2323.0 80.7985811451 80.7985811451 80.7985811451 5.04991132157 5.04991132157 5.04991132157
1568 65536 2906.0 2906.0 2906.0 70.7229511356 70.7229511356 70.7229511356 4.42018444597 4.42018444597 4.42018444597
1720 65536 3072.0 3072.0 3072.0 73.3866666667 73.3866666667 73.3866666667 4.58666666667 4.58666666667 4.58666666667
1888 65536 3622.0 3622.0 3622.0 68.3224561016 68.3224561016 68.3224561016 4.27015350635 4.27015350635 4.27015350635
2072 32768 1688.0 1688.0 1688.0 80.4446635071 80.4446635071 80.4446635071 5.02779146919 5.02779146919 5.02779146919
2272 32768 3087.0 3087.0 3087.0 48.2338166505 48.2338166505 48.2338166505 3.01461354065 3.01461354065 3.01461354065
2496 32768 2107.0 2107.0 2107.0 77.6354323683 77.6354323683 77.6354323683 4.85221452302 4.85221452302 4.85221452302
2744 32768 2358.0 2358.0 2358.0 76.264115352 76.264115352 76.264115352 4.7665072095 4.7665072095 4.7665072095
3016 32768 2579.0 2579.0 2579.0 76.6407816983 76.6407816983 76.6407816983 4.79004885615 4.79004885615 4.79004885615
3312 32768 2916.0 2916.0 2916.0 74.4359506173 74.4359506173 74.4359506173 4.65224691358 4.65224691358 4.65224691358
3640 32768 3404.0 3404.0 3404.0 70.0796239718 70.0796239718 70.0796239718 4.37997649824 4.37997649824 4.37997649824
4000 32768 3112.0 3112.0 3112.0 84.236503856 84.236503856 84.236503856 5.264781491 5.264781491 5.264781491
4400 16384 1664.0 1664.0 1664.0 86.6461538462 86.6461538462 86.6461538462 5.41538461538 5.41538461538 5.41538461538
4840 16384 2015.0 2015.0 2015.0 78.708248139 78.708248139 78.708248139 4.91926550868 4.91926550868 4.91926550868
5320 16384 2157.0 2157.0 2157.0 80.8186184516 80.8186184516 80.8186184516 5.05116365322 5.05116365322 5.05116365322
5848 16384 2425.0 2425.0 2425.0 79.0215521649 79.0215521649 79.0215521649 4.93884701031 4.93884701031 4.93884701031
6432 16384 2544.0 2544.0 2544.0 82.8473962264 82.8473962264 82.8473962264 5.17796226415 5.17796226415 5.17796226415
7072 16384 2644.0 2644.0 2644.0 87.6457246596 87.6457246596 87.6457246596 5.47785779123 5.47785779123 5.47785779123
7776 16384 3094.0 3094.0 3094.0 82.3542236587 82.3542236587 82.3542236587 5.14713897867 5.14713897867 5.14713897867
8552 8192 1754.0 1754.0 1754.0 79.8836761688 79.8836761688 79.8836761688 4.99272976055 4.99272976055 4.99272976055
9400 8192 2602.0 2602.0 2602.0 59.1889315911 59.1889315911 59.1889315911 3.69930822444 3.69930822444 3.69930822444
10336 8192 2544.0 2544.0 2544.0 66.5664402516 66.5664402516 66.5664402516 4.16040251572 4.16040251572 4.16040251572
11368 8192 2471.0 2471.0 2471.0 75.3756827195 75.3756827195 75.3756827195 4.71098016997 4.71098016997 4.71098016997
12504 8192 2570.0 2570.0 2570.0 79.7142163424 79.7142163424 79.7142163424 4.9821385214 4.9821385214 4.9821385214
13752 8192 2574.0 2574.0 2574.0 87.5340979021 87.5340979021 87.5340979021 5.47088111888 5.47088111888 5.47088111888
15120 8192 2906.0 2906.0 2906.0 85.2464143152 85.2464143152 85.2464143152 5.3279008947 5.3279008947 5.3279008947
16632 4096 1679.0 1679.0 1679.0 81.1491030375 81.1491030375 81.1491030375 5.07181893985 5.07181893985 5.07181893985
18288 4096 1825.0 1825.0 1825.0 82.0905731507 82.0905731507 82.0905731507 5.13066082192 5.13066082192 5.13066082192
20112 4096 1941.0 1941.0 1941.0 84.8827944359 84.8827944359 84.8827944359 5.30517465224 5.30517465224 5.30517465224
22120 4096 2248.0 2248.0 2248.0 80.608113879 80.608113879 80.608113879 5.03800711744 5.03800711744 5.03800711744
24328 4096 2515.0 2515.0 2515.0 79.2425351889 79.2425351889 79.2425351889 4.9526584493 4.9526584493 4.9526584493
26760 4096 5262.0 5262.0 5262.0 41.6605701254 41.6605701254 41.6605701254 2.60378563284 2.60378563284 2.60378563284
29432 4096 3037.0 3037.0 3037.0 79.3898399737 79.3898399737 79.3898399737 4.96186499835 4.96186499835 4.96186499835
32368 4096 3210.0 3210.0 3210.0 82.6039426791 82.6039426791 82.6039426791 5.16274641745 5.16274641745 5.16274641745
35600 2048 2636.0 2636.0 2636.0 55.317754173 55.317754173 55.317754173 3.45735963581 3.45735963581 3.45735963581
39160 2048 3141.0 3141.0 3141.0 51.0663355619 51.0663355619 51.0663355619 3.19164597262 3.19164597262 3.19164597262
43072 2048 3534.0 3534.0 3534.0 49.9215936616 49.9215936616 49.9215936616 3.12009960385 3.12009960385 3.12009960385
47376 2048 3721.0 3721.0 3721.0 52.1505229777 52.1505229777 52.1505229777 3.25940768611 3.25940768611 3.25940768611
52112 2048 4197.0 4197.0 4197.0 50.8579347153 50.8579347153 50.8579347153 3.1786209197 3.1786209197 3.1786209197
57320 2048 4666.0 4666.0 4666.0 50.3177711102 50.3177711102 50.3177711102 3.14486069438 3.14486069438 3.14486069438
63048 2048 5319.0 5319.0 5319.0 48.5513457417 48.5513457417 48.5513457417 3.03445910886 3.03445910886 3.03445910886
69352 1024 3472.0 3472.0 3472.0 40.9080921659 40.9080921659 40.9080921659 2.55675576037 2.55675576037 2.55675576037
76280 1024 3195.0 3195.0 3195.0 48.895599374 48.895599374 48.895599374 3.05597496088 3.05597496088 3.05597496088
83904 1024 3461.0 3461.0 3461.0 49.6490586536 49.6490586536 49.6490586536 3.10306616585 3.10306616585 3.10306616585
92288 1024 3771.0 3771.0 3771.0 50.1208761602 50.1208761602 50.1208761602 3.13255476001 3.13255476001 3.13255476001
101512 1024 4228.0 4228.0 4228.0 49.1713755913 49.1713755913 49.1713755913 3.07321097446 3.07321097446 3.07321097446
111656 1024 4596.0 4596.0 4596.0 49.7544577894 49.7544577894 49.7544577894 3.10965361184 3.10965361184 3.10965361184
122816 1024 5009.0 5009.0 5009.0 50.2150465163 50.2150465163 50.2150465163 3.13844040727 3.13844040727 3.13844040727
135096 512 2747.0 2747.0 2747.0 50.3597757554 50.3597757554 50.3597757554 3.14748598471 3.14748598471 3.14748598471
148600 512 3025.0 3025.0 3025.0 50.3029421488 50.3029421488 50.3029421488 3.1439338843 3.1439338843 3.1439338843
163456 512 3364.0 3364.0 3364.0 49.7559286564 49.7559286564 49.7559286564 3.10974554102 3.10974554102 3.10974554102
179800 512 3587.0 3587.0 3587.0 51.3284638974 51.3284638974 51.3284638974 3.20802899359 3.20802899359 3.20802899359
197776 512 3993.0 3993.0 3993.0 50.7194149762 50.7194149762 50.7194149762 3.16996343601 3.16996343601 3.16996343601
217552 512 4394.0 4394.0 4394.0 50.699419208 50.699419208 50.699419208 3.1687137005 3.1687137005 3.1687137005
239304 512 4913.0 4913.0 4913.0 49.8773246489 49.8773246489 49.8773246489 3.11733279056 3.11733279056 3.11733279056
263232 256 2834.0 2834.0 2834.0 47.5563810868 47.5563810868 47.5563810868 2.97227381793 2.97227381793 2.97227381793
289552 256 3251.0 3251.0 3251.0 45.6015453707 45.6015453707 45.6015453707 2.85009658567 2.85009658567 2.85009658567
318504 256 3744.0 3744.0 3744.0 43.5561025641 43.5561025641 43.5561025641 2.72225641026 2.72225641026 2.72225641026
350352 256 4093.0 4093.0 4093.0 43.8260991937 43.8260991937 43.8260991937 2.73913119961 2.73913119961 2.73913119961
385384 256 4841.0 4841.0 4841.0 40.7594728362 40.7594728362 40.7594728362 2.54746705226 2.54746705226 2.54746705226
423920 256 5509.0 5509.0 5509.0 39.3986277001 39.3986277001 39.3986277001 2.46241423126 2.46241423126 2.46241423126
466312 256 6232.0 6232.0 6232.0 38.3106136072 38.3106136072 38.3106136072 2.39441335045 2.39441335045 2.39441335045
512936 256 7301.0 7301.0 7301.0 35.9708576907 35.9708576907 35.9708576907 2.24817860567 2.24817860567 2.24817860567
564224 128 3988.0 3988.0 3988.0 36.2189929789 36.2189929789 36.2189929789 2.26368706118 2.26368706118 2.26368706118
620640 128 4284.0 4284.0 4284.0 37.0877310924 37.0877310924 37.0877310924 2.31798319328 2.31798319328 2.31798319328
682704 128 4875.0 4875.0 4875.0 35.8507126154 35.8507126154 35.8507126154 2.24066953846 2.24066953846 2.24066953846
750968 128 5240.0 5240.0 5240.0 36.6885129771 36.6885129771 36.6885129771 2.29303206107 2.29303206107 2.29303206107
826064 128 5794.0 5794.0 5794.0 36.4985129444 36.4985129444 36.4985129444 2.28115705903 2.28115705903 2.28115705903
908664 128 6519.0 6519.0 6519.0 35.6830777727 35.6830777727 35.6830777727 2.23019236079 2.23019236079 2.23019236079
999528 128 7038.0 7038.0 7038.0 36.356801364 36.356801364 36.356801364 2.27230008525 2.27230008525 2.27230008525
1099480 64 3859.0 3859.0 3859.0 36.468888313 36.468888313 36.468888313 2.27930551956 2.27930551956 2.27930551956
1209424 64 5422.0 5422.0 5422.0 28.5515071929 28.5515071929 28.5515071929 1.78446919956 1.78446919956 1.78446919956
1330360 64 4737.0 4737.0 4737.0 35.948085286 35.948085286 35.948085286 2.24675533038 2.24675533038 2.24675533038
1463392 64 5201.0 5201.0 5201.0 36.0150309556 36.0150309556 36.0150309556 2.25093943472 2.25093943472 2.25093943472
1609728 64 5902.0 5902.0 5902.0 34.9110782785 34.9110782785 34.9110782785 2.18194239241 2.18194239241 2.18194239241
1770696 64 6941.0 6941.0 6941.0 32.6536648898 32.6536648898 32.6536648898 2.04085405561 2.04085405561 2.04085405561
1947760 64 8141.0 8141.0 8141.0 30.6244048643 30.6244048643 30.6244048643 1.91402530402 1.91402530402 1.91402530402
2142536 32 4500.0 4500.0 4500.0 30.4716231111 30.4716231111 30.4716231111 1.90447644444 1.90447644444 1.90447644444
2356784 32 11501.0 11501.0 11501.0 13.1148748804 13.1148748804 13.1148748804 0.819679680028 0.819679680028 0.819679680028
2592456 32 7092.0 7092.0 7092.0 23.3949780034 23.3949780034 23.3949780034 1.46218612521 1.46218612521 1.46218612521
2851696 32 7417.0 7417.0 7417.0 24.60678765 24.60678765 24.60678765 1.53792422812 1.53792422812 1.53792422812
3136864 32 8686.0 8686.0 8686.0 23.1129744416 23.1129744416 23.1129744416 1.4445609026 1.4445609026 1.4445609026
3450544 32 10128.0 10128.0 10128.0 21.804385466 21.804385466 21.804385466 1.36277409163 1.36277409163 1.36277409163
3795592 32 11875.0 11875.0 11875.0 20.4562432 20.4562432 20.4562432 1.2785152 1.2785152 1.2785152
4175144 32 14395.0 14395.0 14395.0 18.562640917 18.562640917 18.562640917 1.16016505731 1.16016505731 1.16016505731
4592656 16 8469.0 8469.0 8469.0 17.3532875192 17.3532875192 17.3532875192 1.08458046995 1.08458046995 1.08458046995
5051920 16 10278.0 10278.0 10278.0 15.7288811053 15.7288811053 15.7288811053 0.98305506908 0.98305506908 0.98305506908
5557112 16 10626.0 10626.0 10626.0 16.7351387164 16.7351387164 16.7351387164 1.04594616977 1.04594616977 1.04594616977
6112816 16 12166.0 12166.0 12166.0 16.0784244616 16.0784244616 16.0784244616 1.00490152885 1.00490152885 1.00490152885
6724096 16 13688.0 13688.0 13688.0 15.7196867329 15.7196867329 15.7196867329 0.982480420807 0.982480420807 0.982480420807
7396504 16 15504.0 15504.0 15504.0 15.2662621259 15.2662621259 15.2662621259 0.954141382869 0.954141382869 0.954141382869
8136152 16 17100.0 17100.0 17100.0 15.2255476023 15.2255476023 15.2255476023 0.951596725146 0.951596725146 0.951596725146
8949760 8 9550.0 9550.0 9550.0 14.9943623037 14.9943623037 14.9943623037 0.937147643979 0.937147643979 0.937147643979
9844736 8 10789.0 10789.0 10789.0 14.5996641023 14.5996641023 14.5996641023 0.912479006395 0.912479006395 0.912479006395
10829208 8 11994.0 11994.0 11994.0 14.4461670835 14.4461670835 14.4461670835 0.902885442721 0.902885442721 0.902885442721
11912128 8 12834.0 12834.0 12834.0 14.8507127941 14.8507127941 14.8507127941 0.928169549634 0.928169549634 0.928169549634
13103336 8 14166.0 14166.0 14166.0 14.7997582945 14.7997582945 14.7997582945 0.924984893407 0.924984893407 0.924984893407
14413664 8 15476.0 15476.0 15476.0 14.9016944947 14.9016944947 14.9016944947 0.931355905919 0.931355905919 0.931355905919
15855024 8 17481.0 17481.0 17481.0 14.5117775871 14.5117775871 14.5117775871 0.906986099193 0.906986099193 0.906986099193
17440520 4 9546.0 9546.0 9546.0 14.615981563 14.615981563 14.615981563 0.913498847685 0.913498847685 0.913498847685
19184568 4 11217.0 11217.0 11217.0 13.6824947847 13.6824947847 13.6824947847 0.855155924044 0.855155924044 0.855155924044
21103024 4 11982.0 11982.0 11982.0 14.0898173928 14.0898173928 14.0898173928 0.880613587047 0.880613587047 0.880613587047
23213320 4 12515.0 12515.0 12515.0 14.838718338 14.838718338 14.838718338 0.927419896125 0.927419896125 0.927419896125
25534648 4 14044.0 14044.0 14044.0 14.5455129593 14.5455129593 14.5455129593 0.909094559954 0.909094559954 0.909094559954
28088112 4 15786.0 15786.0 15786.0 14.2344416572 14.2344416572 14.2344416572 0.889652603573 0.889652603573 0.889652603573
30896920 4 17863.0 17863.0 17863.0 13.8372815317 13.8372815317 13.8372815317 0.864830095729 0.864830095729 0.864830095729
33986608 2 10069.0 10069.0 10069.0 13.5014829675 13.5014829675 13.5014829675 0.84384268547 0.84384268547 0.84384268547
37385264 2 10663.0 10663.0 10663.0 14.0242948514 14.0242948514 14.0242948514 0.87651842821 0.87651842821 0.87651842821
41123784 2 11770.0 11770.0 11770.0 13.9757974511 13.9757974511 13.9757974511 0.873487340697 0.873487340697 0.873487340697
45236160 2 13083.0 13083.0 13083.0 13.8305159367 13.8305159367 13.8305159367 0.864407246044 0.864407246044 0.864407246044
49759776 2 14174.0 14174.0 14174.0 14.0425500212 14.0425500212 14.0425500212 0.877659376323 0.877659376323 0.877659376323
54735752 2 15408.0 15408.0 15408.0 14.2096967809 14.2096967809 14.2096967809 0.888106048806 0.888106048806 0.888106048806
60209320 2 17074.0 17074.0 17074.0 14.1054984186 14.1054984186 14.1054984186 0.881593651166 0.881593651166 0.881593651166
66230248 2 18596.0 18596.0 18596.0 14.2461277694 14.2461277694 14.2461277694 0.890382985588 0.890382985588 0.890382985588
72853272 1 10321.0 10321.0 10321.0 14.1174831896 14.1174831896 14.1174831896 0.882342699351 0.882342699351 0.882342699351
80138592 1 11565.0 11565.0 11565.0 13.8588140078 13.8588140078 13.8588140078 0.866175875486 0.866175875486 0.866175875486
88152448 1 12527.0 12527.0 12527.0 14.0739918576 14.0739918576 14.0739918576 0.879624491099 0.879624491099 0.879624491099
96967688 1 13464.0 13464.0 13464.0 14.4039940582 14.4039940582 14.4039940582 0.900249628639 0.900249628639 0.900249628639
106664456 1 15405.0 15405.0 15405.0 13.8480306394 13.8480306394 13.8480306394 0.865501914963 0.865501914963 0.865501914963
117330896 1 16301.0 16301.0 16301.0 14.3955457947 14.3955457947 14.3955457947 0.899721612171 0.899721612171 0.899721612171
129063984 1 18061.0 18061.0 18061.0 14.2920086374 14.2920086374 14.2920086374 0.893250539837 0.893250539837 0.893250539837

META_DATA
ERT_VERSION  1.1.0
UNAME  ('Linux', '5a2343cba07f', '4.19.76-linuxkit', '#1 SMP Thu Oct 17 19:31:58 UTC 2019', 'x86_64', 'x86_64')
FLOPS          1
CONFIG  {'ERT_WORKING_SET_MIN': ['1'], 'ERT_CFLAGS': ['-Ofast', '-march=native'], 'ERT_CC': ['cc'], 'ERT_MPI_CFLAGS': [], 'ERT_MPI_LDFLAGS': [], 'ERT_MEMORY_MAX': ['134217728', '#', '128MB'], 'ERT_LDFLAGS': [], 'ERT_LDLIBS': [], 'ERT_RUN': ['./ERT_CODE'], 'ERT_FLOPS': ['1,4,16,64'], 'ERT_OPENMP_CFLAGS': ['-fopenmp'], 'ERT_MPI': ['False'], 'ERT_TRIALS_MIN': ['1'], 'ERT_DRIVER': ['driver1'], 'ERT_RESULTS': ['Sequential'], 'ERT_OPENMP': ['False'], 'ERT_KERNEL': ['kernel1'], 'ERT_GPU': [False], 'ERT_LD': ['cc'], 'ERT_NUM_EXPERIMENTS': ['1'], 'ERT_OPENMP_LDFLAGS': ['-fopenmp'], 'ERT_ALIGN': ['64'], 'ERT_GNUPLOT': ['gnuplot']}
HOSTNAME  ('5a2343cba07f', [], ['172.17.0.2'])
TIMESTAMP_DATA  1588204244.52
